1 1 0.000233
1 2 0.000467
1 3 0.000700
1 4 0.000935
1 5 0.001170
1 6 0.001407
1 7 0.001645
1 8 0.001885
1 9 0.002127
1 10 0.002371
1 11 0.002617
1 12 0.002867
1 13 0.003120
1 14 0.003377
1 15 0.003637
1 16 0.003902
1 17 0.004172
1 18 0.004448
1 19 0.004729
1 20 0.005018
1 21 0.005313
1 22 0.005618
1 23 0.005929
1 24 0.006252
1 25 0.006584
1 26 0.006930
1 27 0.007286
1 28 0.007658
1 29 0.008043
1 30 0.008447
1 31 0.008868
1 32 0.009310
1 33 0.009772
1 34 0.010261
1 35 0.010773
1 36 0.011317
1 37 0.011890
1 38 0.012501
1 39 0.013147
1 40 0.013838
1 41 0.014573
1 42 0.015362
1 43 0.016205
1 44 0.017112
1 45 0.018086
1 46 0.019139
1 47 0.020274
1 48 0.021505
1 49 0.022837
1 50 0.024286
2 1 0.000466
2 2 0.000933
2 3 0.001401
2 4 0.001870
2 5 0.002341
2 6 0.002814
2 7 0.003290
2 8 0.003769
2 9 0.004253
2 10 0.004740
2 11 0.005235
2 12 0.005732
2 13 0.006239
2 14 0.006750
2 15 0.007273
2 16 0.007801
2 17 0.008342
2 18 0.008892
2 19 0.009456
2 20 0.010031
2 21 0.010623
2 22 0.011228
2 23 0.011854
2 24 0.012496
2 25 0.013163
2 26 0.013849
2 27 0.014564
2 28 0.015303
2 29 0.016077
2 30 0.016879
2 31 0.017722
2 32 0.018601
2 33 0.019528
2 34 0.020498
2 35 0.021525
2 36 0.022605
2 37 0.023753
2 38 0.024966
2 39 0.026260
2 40 0.027632
2 41 0.029103
2 42 0.030670
2 43 0.032355
2 44 0.034159
2 45 0.036105
2 46 0.038198
2 47 0.040463
2 48 0.042909
2 49 0.045567
2 50 0.048448
3 1 0.000699
3 2 0.001400
3 3 0.002101
3 4 0.002805
3 5 0.003510
3 6 0.004221
3 7 0.004934
3 8 0.005654
3 9 0.006377
3 10 0.007110
3 11 0.007848
3 12 0.008598
3 13 0.009353
3 14 0.010124
3 15 0.010902
3 16 0.011699
3 17 0.012505
3 18 0.013333
3 19 0.014173
3 20 0.015039
3 21 0.015921
3 22 0.016832
3 23 0.017764
3 24 0.018731
3 25 0.019723
3 26 0.020756
3 27 0.021820
3 28 0.022932
3 29 0.024082
3 30 0.025289
3 31 0.026542
3 32 0.027863
3 33 0.029241
3 34 0.030698
3 35 0.032225
3 36 0.033846
3 37 0.035553
3 38 0.037371
3 39 0.039294
3 40 0.041351
3 41 0.043537
3 42 0.045883
3 43 0.048388
3 44 0.051086
3 45 0.053978
3 46 0.057105
3 47 0.060473
3 48 0.064125
3 49 0.068075
3 50 0.072374
4 1 0.000932
4 2 0.001865
4 3 0.002801
4 4 0.003738
4 5 0.004680
4 6 0.005625
4 7 0.006578
4 8 0.007534
4 9 0.008502
4 10 0.009475
4 11 0.010462
4 12 0.011456
4 13 0.012468
4 14 0.013489
4 15 0.014531
4 16 0.015585
4 17 0.016665
4 18 0.017760
4 19 0.018886
4 20 0.020031
4 21 0.021211
4 22 0.022416
4 23 0.023663
4 24 0.024941
4 25 0.026267
4 26 0.027631
4 27 0.029054
4 28 0.030522
4 29 0.032059
4 30 0.033651
4 31 0.035325
4 32 0.037068
4 33 0.038906
4 34 0.040828
4 35 0.042863
4 36 0.045001
4 37 0.047273
4 38 0.049671
4 39 0.052229
4 40 0.054941
4 41 0.057845
4 42 0.060938
4 43 0.064262
4 44 0.067817
4 45 0.071652
4 46 0.075772
4 47 0.080232
4 48 0.085044
4 49 0.090270
4 50 0.095931
5 1 0.001165
5 2 0.002332
5 3 0.003499
5 4 0.004672
5 5 0.005847
5 6 0.007030
5 7 0.008218
5 8 0.009416
5 9 0.010621
5 10 0.011841
5 11 0.013068
5 12 0.014315
5 13 0.015572
5 14 0.016853
5 15 0.018147
5 16 0.019470
5 17 0.020809
5 18 0.022183
5 19 0.023579
5 20 0.025015
5 21 0.026477
5 22 0.027988
5 23 0.029532
5 24 0.031133
5 25 0.032775
5 26 0.034483
5 27 0.036242
5 28 0.038080
5 29 0.039979
5 30 0.041971
5 31 0.044040
5 32 0.046217
5 33 0.048487
5 34 0.050886
5 35 0.053398
5 36 0.056064
5 37 0.058868
5 38 0.061854
5 39 0.065011
5 40 0.068383
5 41 0.071965
5 42 0.075807
5 43 0.079905
5 44 0.084315
5 45 0.089041
5 46 0.094146
5 47 0.099640
5 48 0.105594
5 49 0.112029
5 50 0.119028
6 1 0.001398
6 2 0.002797
6 3 0.004199
6 4 0.005603
6 5 0.007016
6 6 0.008432
6 7 0.009859
6 8 0.011292
6 9 0.012741
6 10 0.014198
6 11 0.015676
6 12 0.017163
6 13 0.018677
6 14 0.020204
6 15 0.021761
6 16 0.023337
6 17 0.024950
6 18 0.026585
6 19 0.028264
6 20 0.029972
6 21 0.031732
6 22 0.033527
6 23 0.035384
6 24 0.037284
6 25 0.039257
6 26 0.041284
6 27 0.043397
6 28 0.045575
6 29 0.047855
6 30 0.050215
6 31 0.052694
6 32 0.055272
6 33 0.057990
6 34 0.060830
6 35 0.063834
6 36 0.066987
6 37 0.070337
6 38 0.073867
6 39 0.077631
6 40 0.081617
6 41 0.085882
6 42 0.090419
6 43 0.095292
6 44 0.100498
6 45 0.106110
6 46 0.112132
6 47 0.118645
6 48 0.125665
6 49 0.133284
6 50 0.141530
7 1 0.001630
7 2 0.003262
7 3 0.004896
7 4 0.006536
7 5 0.008180
7 6 0.009835
7 7 0.011495
7 8 0.013170
7 9 0.014854
7 10 0.016558
7 11 0.018272
7 12 0.020013
7 13 0.021767
7 14 0.023554
7 15 0.025358
7 16 0.027201
7 17 0.029068
7 18 0.030980
7 19 0.032922
7 20 0.034918
7 21 0.036951
7 22 0.039049
7 23 0.041191
7 24 0.043411
7 25 0.045686
7 26 0.048052
7 27 0.050485
7 28 0.053025
7 29 0.055649
7 30 0.058398
7 31 0.061249
7 32 0.064248
7 33 0.067372
7 34 0.070671
7 35 0.074122
7 36 0.077779
7 37 0.081624
7 38 0.085712
7 39 0.090030
7 40 0.094639
7 41 0.099527
7 42 0.104765
7 43 0.110345
7 44 0.116346
7 45 0.122767
7 46 0.129696
7 47 0.137143
7 48 0.145207
7 49 0.153911
7 50 0.163368
8 1 0.001863
8 2 0.003726
8 3 0.005594
8 4 0.007466
8 5 0.009346
8 6 0.011232
8 7 0.013133
8 8 0.015040
8 9 0.016968
8 10 0.018906
8 11 0.020871
8 12 0.022848
8 13 0.024858
8 14 0.026886
8 15 0.028953
8 16 0.031043
8 17 0.033181
8 18 0.035347
8 19 0.037570
8 20 0.039829
8 21 0.042155
8 22 0.044526
8 23 0.046977
8 24 0.049483
8 25 0.052083
8 26 0.054751
8 27 0.057529
8 28 0.060392
8 29 0.063383
8 30 0.066478
8 31 0.069726
8 32 0.073099
8 33 0.076652
8 34 0.080359
8 35 0.084277
8 36 0.088384
8 37 0.092742
8 38 0.097329
8 39 0.102215
8 40 0.107381
8 41 0.112903
8 42 0.118768
8 43 0.125060
8 44 0.131772
8 45 0.138998
8 46 0.146741
8 47 0.155106
8 48 0.164108
8 49 0.173867
8 50 0.184414
9 1 0.002094
9 2 0.004191
9 3 0.006290
9 4 0.008397
9 5 0.010508
9 6 0.012632
9 7 0.014763
9 8 0.016914
9 9 0.019073
9 10 0.021258
9 11 0.023456
9 12 0.025686
9 13 0.027932
9 14 0.030218
9 15 0.032526
9 16 0.034882
9 17 0.037266
9 18 0.039707
9 19 0.042183
9 20 0.044727
9 21 0.047315
9 22 0.049984
9 23 0.052707
9 24 0.055526
9 25 0.058411
9 26 0.061409
9 27 0.064489
9 28 0.067701
9 29 0.071015
9 30 0.074483
9 31 0.078076
9 32 0.081850
9 33 0.085777
9 34 0.089918
9 35 0.094244
9 36 0.098824
9 37 0.103630
9 38 0.108736
9 39 0.114119
9 40 0.119857
9 41 0.125935
9 42 0.132437
9 43 0.139352
9 44 0.146778
9 45 0.154711
9 46 0.163259
9 47 0.172431
9 48 0.182347
9 49 0.193033
9 50 0.204627
10 1 0.002327
10 2 0.004654
10 3 0.006988
10 4 0.009324
10 5 0.011673
10 6 0.014026
10 7 0.016398
10 8 0.018778
10 9 0.021182
10 10 0.023597
10 11 0.026044
10 12 0.028506
10 13 0.031008
10 14 0.033529
10 15 0.036099
10 16 0.038694
10 17 0.041346
10 18 0.044032
10 19 0.046786
10 20 0.049582
10 21 0.052459
10 22 0.055387
10 23 0.058412
10 24 0.061501
10 25 0.064702
10 26 0.067984
10 27 0.071397
10 28 0.074909
10 29 0.078575
10 30 0.082363
10 31 0.086332
10 32 0.090449
10 33 0.094779
10 34 0.099291
10 35 0.104053
10 36 0.109037
10 37 0.114317
10 38 0.119866
10 39 0.125767
10 40 0.131996
10 41 0.138643
10 42 0.145691
10 43 0.153239
10 44 0.161276
10 45 0.169914
10 46 0.179153
10 47 0.189115
10 48 0.199817
10 49 0.211396
10 50 0.223888
11 1 0.002558
11 2 0.005119
11 3 0.007682
11 4 0.010255
11 5 0.012832
11 6 0.015424
11 7 0.018024
11 8 0.020646
11 9 0.023279
11 10 0.025941
11 11 0.028617
11 12 0.031331
11 13 0.034063
11 14 0.036842
11 15 0.039645
11 16 0.042504
11 17 0.045394
11 18 0.048352
11 19 0.051348
11 20 0.054424
11 21 0.057550
11 22 0.060770
11 23 0.064052
11 24 0.067444
11 25 0.070913
11 26 0.074513
11 27 0.078206
11 28 0.082052
11 29 0.086015
11 30 0.090156
11 31 0.094440
11 32 0.098933
11 33 0.103601
11 34 0.108515
11 35 0.113641
11 36 0.119059
11 37 0.124734
11 38 0.130753
11 39 0.137086
11 40 0.143827
11 41 0.150951
11 42 0.158559
11 43 0.166635
11 44 0.175290
11 45 0.184516
11 46 0.194438
11 47 0.205061
11 48 0.216523
11 49 0.228848
11 50 0.242192
12 1 0.002790
12 2 0.005581
12 3 0.008379
12 4 0.011180
12 5 0.013995
12 6 0.016815
12 7 0.019656
12 8 0.022505
12 9 0.025382
12 10 0.028271
12 11 0.031196
12 12 0.034137
12 13 0.037124
12 14 0.040131
12 15 0.043194
12 16 0.046284
12 17 0.049440
12 18 0.052632
12 19 0.055902
12 20 0.059218
12 21 0.062626
12 22 0.066091
12 23 0.069666
12 24 0.073311
12 25 0.077085
12 26 0.080947
12 27 0.084959
12 28 0.089080
12 29 0.093377
12 30 0.097808
12 31 0.102444
12 32 0.107245
12 33 0.112286
12 34 0.117528
12 35 0.123053
12 36 0.128823
12 37 0.134926
12 38 0.141326
12 39 0.148119
12 40 0.155275
12 41 0.162897
12 42 0.170960
12 43 0.179577
12 44 0.188732
12 45 0.198549
12 46 0.209023
12 47 0.220294
12 48 0.232369
12 49 0.245406
12 50 0.259432
13 1 0.003021
13 2 0.006046
13 3 0.009073
13 4 0.012110
13 5 0.015152
13 6 0.018212
13 7 0.021278
13 8 0.024370
13 9 0.027473
13 10 0.030608
13 11 0.033758
13 12 0.036950
13 13 0.040162
13 14 0.043425
13 15 0.046714
13 16 0.050065
13 17 0.053450
13 18 0.056909
13 19 0.060410
13 20 0.064001
13 21 0.067644
13 22 0.071393
13 23 0.075208
13 24 0.079147
13 25 0.083168
13 26 0.087334
13 27 0.091602
13 28 0.096041
13 29 0.100604
13 30 0.105367
13 31 0.110284
13 32 0.115433
13 33 0.120771
13 34 0.126381
13 35 0.132221
13 36 0.138381
13 37 0.144820
13 38 0.151636
13 39 0.158791
13 40 0.166390
13 41 0.174402
13 42 0.182941
13 43 0.191981
13 44 0.201648
13 45 0.211925
13 46 0.222951
13 47 0.234722
13 48 0.247391
13 49 0.260974
13 50 0.275642
14 1 0.003254
14 2 0.006509
14 3 0.009771
14 4 0.013036
14 5 0.016316
14 6 0.019601
14 7 0.022909
14 8 0.026225
14 9 0.029572
14 10 0.032931
14 11 0.036329
14 12 0.039744
14 13 0.043208
14 14 0.046694
14 15 0.050240
14 16 0.053814
14 17 0.057461
14 18 0.061145
14 19 0.064914
14 20 0.068731
14 21 0.072650
14 22 0.076628
14 23 0.080726
14 24 0.084899
14 25 0.089212
14 26 0.093619
14 27 0.098189
14 28 0.102875
14 29 0.107753
14 30 0.112772
14 31 0.118016
14 32 0.123433
14 33 0.129113
14 34 0.135005
14 35 0.141203
14 36 0.147660
14 37 0.154476
14 38 0.161606
14 39 0.169159
14 40 0.177094
14 41 0.185526
14 42 0.194422
14 43 0.203907
14 44 0.213954
14 45 0.224701
14 46 0.236133
14 47 0.248400
14 48 0.261502
14 49 0.275606
14 50 0.290730
15 1 0.003485
15 2 0.006974
15 3 0.010465
15 4 0.013967
15 5 0.017473
15 6 0.020999
15 7 0.024531
15 8 0.028090
15 9 0.031659
15 10 0.035264
15 11 0.038884
15 12 0.042548
15 13 0.046232
15 14 0.049971
15 15 0.053736
15 16 0.057569
15 17 0.061434
15 18 0.065381
15 19 0.069370
15 20 0.073456
15 21 0.077595
15 22 0.081848
15 23 0.086169
15 24 0.090623
15 25 0.095163
15 26 0.099858
15 27 0.104660
15 28 0.109644
15 29 0.114758
15 30 0.120086
15 31 0.125573
15 32 0.131310
15 33 0.137242
15 34 0.143464
15 35 0.149926
15 36 0.156727
15 37 0.163817
15 38 0.171306
15 39 0.179146
15 40 0.187453
15 41 0.196186
15 42 0.205470
15 43 0.215269
15 44 0.225719
15 45 0.236793
15 46 0.248640
15 47 0.261245
15 48 0.274770
15 49 0.289217
15 50 0.304768
16 1 0.003718
16 2 0.007437
16 3 0.011164
16 4 0.014894
16 5 0.018639
16 6 0.022389
16 7 0.026163
16 8 0.029945
16 9 0.033758
16 10 0.037584
16 11 0.041451
16 12 0.045333
16 13 0.049268
16 14 0.053224
16 15 0.057243
16 16 0.061291
16 17 0.065415
16 18 0.069575
16 19 0.073827
16 20 0.078126
16 21 0.082532
16 22 0.086999
16 23 0.091593
16 24 0.096262
16 25 0.101080
16 26 0.105992
16 27 0.111078
16 28 0.116282
16 29 0.121687
16 30 0.127239
16 31 0.133025
16 32 0.138990
16 33 0.145229
16 34 0.151686
16 35 0.158463
16 36 0.165504
16 37 0.172919
16 38 0.180654
16 39 0.188828
16 40 0.197388
16 41 0.206462
16 42 0.216004
16 43 0.226149
16 44 0.236860
16 45 0.248283
16 46 0.260390
16 47 0.273340
16 48 0.287117
16 49 0.301897
16 50 0.317681
17 1 0.003950
17 2 0.007905
17 3 0.011860
17 4 0.015828
17 5 0.019799
17 6 0.023790
17 7 0.027787
17 8 0.031812
17 9 0.035846
17 10 0.039918
17 11 0.044002
17 12 0.048134
17 13 0.052283
17 14 0.056491
17 15 0.060722
17 16 0.065024
17 17 0.069358
17 18 0.073777
17 19 0.078236
17 20 0.082796
17 21 0.087409
17 22 0.092141
17 23 0.096940
17 24 0.101878
17 25 0.106901
17 26 0.112087
17 27 0.117378
17 28 0.122859
17 29 0.128471
17 30 0.134305
17 31 0.140299
17 32 0.146551
17 33 0.152999
17 34 0.159748
17 35 0.166736
17 36 0.174074
17 37 0.181701
17 38 0.189736
17 39 0.198122
17 40 0.206984
17 41 0.216269
17 42 0.226111
17 43 0.236463
17 44 0.247469
17 45 0.259089
17 46 0.271478
17 47 0.284607
17 48 0.298644
17 49 0.313573
17 50 0.329579
18 1 0.004185
18 2 0.008370
18 3 0.012563
18 4 0.016759
18 5 0.020970
18 6 0.025185
18 7 0.029425
18 8 0.033671
18 9 0.037951
18 10 0.042240
18 11 0.046571
18 12 0.050917
18 13 0.055316
18 14 0.059734
18 15 0.064218
18 16 0.068727
18 17 0.073315
18 18 0.077937
18 19 0.082653
18 20 0.087414
18 21 0.092286
18 22 0.097216
18 23 0.102276
18 24 0.107410
18 25 0.112697
18 26 0.118076
18 27 0.123633
18 28 0.129306
18 29 0.135187
18 30 0.141210
18 31 0.147475
18 32 0.153916
18 33 0.160637
18 34 0.167572
18 35 0.174833
18 36 0.182354
18 37 0.190253
18 38 0.198468
18 39 0.207123
18 40 0.216158
18 41 0.225706
18 42 0.235710
18 43 0.246313
18 44 0.257465
18 45 0.269317
18 46 0.281827
18 47 0.295158
18 48 0.309279
18 49 0.324365
18 50 0.340399
19 1 0.004418
19 2 0.008840
19 3 0.013264
19 4 0.017699
19 5 0.022137
19 6 0.026595
19 7 0.031057
19 8 0.035548
19 9 0.040045
19 10 0.044581
19 11 0.049127
19 12 0.053721
19 13 0.058330
19 14 0.062999
19 15 0.067687
19 16 0.072449
19 17 0.077237
19 18 0.082113
19 19 0.087026
19 20 0.092041
19 21 0.097105
19 22 0.102291
19 23 0.107539
19 24 0.112929
19 25 0.118400
19 26 0.124036
19 27 0.129773
19 28 0.135704
19 29 0.141760
19 30 0.148041
19 31 0.154476
19 32 0.161173
19 33 0.168060
19 34 0.175249
19 35 0.182669
19 36 0.190440
19 37 0.198491
19 38 0.206949
19 39 0.215745
19 40 0.225012
19 41 0.234686
19 42 0.244907
19 43 0.255615
19 44 0.266960
19 45 0.278887
19 46 0.291557
19 47 0.304921
19 48 0.319151
19 49 0.334211
19 50 0.350283
20 1 0.004655
20 2 0.009310
20 3 0.013973
20 4 0.018637
20 5 0.023317
20 6 0.027999
20 7 0.032706
20 8 0.037417
20 9 0.042161
20 10 0.046913
20 11 0.051707
20 12 0.056511
20 13 0.061369
20 14 0.066243
20 15 0.071182
20 16 0.076143
20 17 0.081182
20 18 0.086252
20 19 0.091416
20 20 0.096619
20 21 0.101935
20 22 0.107303
20 23 0.112801
20 24 0.118368
20 25 0.124089
20 26 0.129895
20 27 0.135881
20 28 0.141975
20 29 0.148278
20 30 0.154715
20 31 0.161394
20 32 0.168240
20 33 0.175365
20 34 0.182694
20 35 0.190347
20 36 0.198247
20 37 0.206520
20 38 0.215093
20 39 0.224098
20 40 0.233461
20 41 0.243325
20 42 0.253618
20 43 0.264490
20 44 0.275874
20 45 0.287928
20 46 0.300592
20 47 0.314031
20 48 0.328194
20 49 0.343257
20 50 0.359178
21 1 0.004891
21 2 0.009785
21 3 0.014680
21 4 0.019587
21 5 0.024494
21 6 0.029422
21 7 0.034351
21 8 0.039309
21 9 0.044271
21 10 0.049270
21 11 0.054276
21 12 0.059329
21 13 0.064393
21 14 0.069516
21 15 0.074655
21 16 0.079865
21 17 0.085098
21 18 0.090416
21 19 0.095766
21 20 0.101218
21 21 0.106712
21 22 0.112326
21 23 0.117996
21 24 0.123807
21 25 0.129691
21 26 0.135739
21 27 0.141880
21 28 0.148212
21 29 0.154660
21 30 0.161331
21 31 0.168146
21 32 0.175218
21 33 0.182467
21 34 0.190014
21 35 0.197777
21 36 0.205883
21 37 0.214251
21 38 0.223014
21 39 0.232091
21 40 0.241625
21 41 0.251535
21 42 0.261969
21 43 0.272852
21 44 0.284340
21 45 0.296359
21 46 0.309074
21 47 0.322418
21 48 0.336562
21 49 0.351447
21 50 0.367253
22 1 0.005130
22 2 0.010260
22 3 0.015398
22 4 0.020536
22 5 0.025689
22 6 0.030842
22 7 0.036019
22 8 0.041197
22 9 0.046407
22 10 0.051621
22 11 0.056876
22 12 0.062137
22 13 0.067451
22 14 0.072775
22 15 0.078162
22 16 0.083565
22 17 0.089046
22 18 0.094549
22 19 0.100145
22 20 0.105774
22 21 0.111512
22 22 0.117294
22 23 0.123205
22 24 0.129174
22 25 0.135294
22 26 0.141491
22 27 0.147863
22 28 0.154333
22 29 0.161006
22 30 0.167803
22 31 0.174834
22 32 0.182018
22 33 0.189475
22 34 0.197118
22 35 0.205074
22 36 0.213258
22 37 0.221802
22 38 0.230619
22 39 0.239851
22 40 0.249411
22 41 0.259446
22 42 0.269871
22 43 0.280841
22 44 0.292273
22 45 0.304327
22 46 0.316926
22 47 0.330238
22 48 0.344188
22 49 0.358950
22 50 0.374458
23 1 0.005370
23 2 0.010743
23 3 0.016116
23 4 0.021499
23 5 0.026882
23 6 0.032284
23 7 0.037685
23 8 0.043113
23 9 0.048541
23 10 0.054005
23 11 0.059471
23 12 0.064983
23 13 0.070499
23 14 0.076072
23 15 0.081654
23 16 0.087305
23 17 0.092971
23 18 0.098721
23 19 0.104493
23 20 0.110364
23 21 0.116267
23 22 0.122288
23 23 0.128354
23 24 0.134557
23 25 0.140821
23 26 0.147245
23 27 0.153749
23 28 0.160438
23 29 0.167230
23 30 0.174236
23 31 0.181371
23 32 0.188753
23 33 0.196295
23 34 0.204122
23 35 0.212144
23 36 0.220493
23 37 0.229079
23 38 0.238039
23 39 0.247283
23 40 0.256956
23 41 0.266967
23 42 0.277467
23 43 0.288366
23 44 0.299823
23 45 0.311750
23 46 0.324310
23 47 0.337419
23 48 0.351246
23 49 0.365708
23 50 0.380982
24 1 0.005613
24 2 0.011226
24 3 0.016846
24 4 0.022464
24 5 0.028097
24 6 0.033727
24 7 0.039379
24 8 0.045029
24 9 0.050709
24 10 0.056387
24 11 0.062105
24 12 0.067823
24 13 0.073590
24 14 0.079360
24 15 0.085191
24 16 0.091030
24 17 0.096942
24 18 0.102869
24 19 0.108883
24 20 0.114920
24 21 0.121062
24 22 0.127237
24 23 0.133534
24 24 0.139879
24 25 0.146368
24 26 0.152920
24 27 0.159639
24 28 0.166442
24 29 0.173439
24 30 0.180541
24 31 0.187869
24 32 0.195329
24 33 0.203049
24 34 0.210932
24 35 0.219113
24 36 0.227493
24 37 0.236214
24 38 0.245176
24 39 0.254525
24 40 0.264163
24 41 0.274242
24 42 0.284663
24 43 0.295583
24 44 0.306905
24 45 0.318791
24 46 0.331146
24 47 0.344136
24 48 0.357667
24 49 0.371910
24 50 0.386773
25 1 0.005858
25 2 0.011719
25 3 0.017578
25 4 0.023447
25 5 0.029313
25 6 0.035197
25 7 0.041076
25 8 0.046980
25 9 0.052879
25 10 0.058811
25 11 0.064739
25 12 0.070710
25 13 0.076678
25 14 0.082699
25 15 0.088721
25 16 0.094807
25 17 0.100899
25 18 0.107069
25 19 0.113251
25 20 0.119526
25 21 0.125823
25 22 0.132229
25 23 0.138668
25 24 0.145236
25 25 0.151851
25 26 0.158617
25 27 0.165447
25 28 0.172453
25 29 0.179542
25 30 0.186835
25 31 0.194235
25 32 0.201869
25 33 0.209638
25 34 0.217676
25 35 0.225881
25 36 0.234392
25 37 0.243107
25 38 0.252171
25 39 0.261478
25 40 0.271182
25 41 0.281175
25 42 0.291615
25 43 0.302397
25 44 0.313681
25 45 0.325363
25 46 0.337608
25 47 0.350311
25 48 0.363640
25 49 0.377492
25 50 0.392036
26 1 0.006107
26 2 0.012213
26 3 0.018325
26 4 0.024434
26 5 0.030555
26 6 0.036671
26 7 0.042806
26 8 0.048935
26 9 0.055091
26 10 0.061239
26 11 0.067423
26 12 0.073599
26 13 0.079821
26 14 0.086037
26 15 0.092309
26 16 0.098579
26 17 0.104916
26 18 0.111257
26 19 0.117679
26 20 0.124111
26 21 0.130640
26 22 0.137189
26 23 0.143852
26 24 0.150547
26 25 0.157376
26 26 0.164251
26 27 0.171284
26 28 0.178380
26 29 0.185657
26 30 0.193020
26 31 0.200592
26 32 0.208273
26 33 0.216194
26 34 0.224253
26 35 0.232586
26 36 0.241088
26 37 0.249902
26 38 0.258921
26 39 0.268293
26 40 0.277909
26 41 0.287924
26 42 0.298226
26 43 0.308976
26 44 0.320060
26 45 0.331643
26 46 0.343611
26 47 0.356131
26 48 0.369089
26 49 0.382654
26 50 0.396709
27 1 0.006358
27 2 0.012718
27 3 0.019076
27 4 0.025442
27 5 0.031802
27 6 0.038178
27 7 0.044544
27 8 0.050932
27 9 0.057310
27 10 0.063717
27 11 0.070113
27 12 0.076546
27 13 0.082969
27 14 0.089438
27 15 0.095899
27 16 0.102417
27 17 0.108930
27 18 0.115513
27 19 0.122096
27 20 0.128763
27 21 0.135438
27 22 0.142212
27 23 0.149004
27 24 0.155915
27 25 0.162854
27 26 0.169933
27 27 0.177056
27 28 0.184341
27 29 0.191688
27 30 0.199222
27 31 0.206840
27 32 0.214673
27 33 0.222614
27 34 0.230801
27 35 0.239123
27 36 0.247725
27 37 0.256494
27 38 0.265578
27 39 0.274864
27 40 0.284506
27 41 0.294386
27 42 0.304663
27 43 0.315219
27 44 0.326217
27 45 0.337536
27 46 0.349342
27 47 0.361513
27 48 0.374215
27 49 0.387324
27 50 0.401007
28 1 0.006615
28 2 0.013227
28 3 0.019845
28 4 0.026457
28 5 0.033080
28 6 0.039693
28 7 0.046323
28 8 0.052940
28 9 0.059580
28 10 0.066207
28 11 0.072863
28 12 0.079504
28 13 0.086184
28 14 0.092848
28 15 0.099561
28 16 0.106261
28 17 0.113020
28 18 0.119769
28 19 0.126591
28 20 0.133408
28 21 0.140311
28 22 0.147219
28 23 0.154229
28 24 0.161253
28 25 0.168398
28 26 0.175570
28 27 0.182884
28 28 0.190239
28 29 0.197760
28 30 0.205341
28 31 0.213113
28 32 0.220965
28 33 0.229037
28 34 0.237213
28 35 0.245638
28 36 0.254196
28 37 0.263035
28 38 0.272035
28 39 0.281353
28 40 0.290864
28 41 0.300728
28 42 0.310821
28 43 0.321305
28 44 0.332053
28 45 0.343231
28 46 0.354709
28 47 0.366653
28 48 0.378932
28 49 0.391712
28 50 0.404858
29 1 0.006873
29 2 0.013749
29 3 0.020620
29 4 0.027498
29 5 0.034366
29 6 0.041246
29 7 0.048113
29 8 0.054998
29 9 0.061865
29 10 0.068757
29 11 0.075629
29 12 0.082532
29 13 0.089414
29 14 0.096336
29 15 0.103237
29 16 0.110188
29 17 0.117120
29 18 0.124112
29 19 0.131089
29 20 0.138140
29 21 0.145182
29 22 0.152311
29 23 0.159440
29 24 0.166673
29 25 0.173915
29 26 0.181281
29 27 0.188669
29 28 0.196202
29 29 0.203772
29 30 0.211510
29 31 0.219304
29 32 0.227291
29 33 0.235354
29 34 0.243638
29 35 0.252022
29 36 0.260655
29 37 0.269414
29 38 0.278454
29 39 0.287647
29 40 0.297153
29 41 0.306842
29 42 0.316877
29 43 0.327126
29 44 0.337753
29 45 0.348624
29 46 0.359905
29 47 0.371458
29 48 0.383448
29 49 0.395734
29 50 0.408480
30 1 0.007139
30 2 0.014276
30 3 0.021416
30 4 0.028548
30 5 0.035688
30 6 0.042814
30 7 0.049953
30 8 0.057073
30 9 0.064211
30 10 0.071326
30 11 0.078466
30 12 0.085580
30 13 0.092725
30 14 0.099844
30 15 0.107002
30 16 0.114133
30 17 0.121314
30 18 0.128469
30 19 0.135686
30 20 0.142881
30 21 0.150150
30 22 0.157404
30 23 0.164747
30 24 0.172083
30 25 0.179524
30 26 0.186970
30 27 0.194539
30 28 0.202126
30 29 0.209858
30 30 0.217623
30 31 0.225556
30 32 0.233539
30 33 0.241715
30 34 0.249962
30 35 0.258428
30 36 0.266988
30 37 0.275794
30 38 0.284718
30 39 0.293917
30 40 0.303259
30 41 0.312905
30 42 0.322720
30 43 0.332868
30 44 0.343210
30 45 0.353911
30 46 0.364829
30 47 0.376130
30 48 0.387667
30 49 0.399604
30 50 0.411789
31 1 0.007408
31 2 0.014818
31 3 0.022221
31 4 0.029629
31 5 0.037023
31 6 0.044427
31 7 0.051810
31 8 0.059207
31 9 0.066578
31 10 0.073967
31 11 0.081328
31 12 0.088711
31 13 0.096063
31 14 0.103444
31 15 0.110792
31 16 0.118179
31 17 0.125532
31 18 0.132933
31 19 0.140303
31 20 0.147732
31 21 0.155133
31 22 0.162608
31 23 0.170061
31 24 0.177602
31 25 0.185129
31 26 0.192762
31 27 0.200392
31 28 0.208146
31 29 0.215911
31 30 0.223821
31 31 0.231756
31 32 0.239859
31 33 0.248005
31 34 0.256342
31 35 0.264742
31 36 0.273358
31 37 0.282057
31 38 0.290998
31 39 0.300045
31 40 0.309359
31 41 0.318800
31 42 0.328534
31 43 0.338417
31 44 0.348615
31 45 0.358982
31 46 0.369683
31 47 0.380567
31 48 0.391801
31 49 0.403226
31 50 0.415006
32 1 0.007685
32 2 0.015367
32 3 0.023051
32 4 0.030723
32 5 0.038400
32 6 0.046059
32 7 0.053725
32 8 0.061365
32 9 0.069017
32 10 0.076638
32 11 0.084274
32 12 0.091875
32 13 0.099496
32 14 0.107079
32 15 0.114689
32 16 0.122258
32 17 0.129864
32 18 0.137428
32 19 0.145039
32 20 0.152610
32 21 0.160239
32 22 0.167833
32 23 0.175498
32 24 0.183133
32 25 0.190855
32 26 0.198556
32 27 0.206361
32 28 0.214156
32 29 0.222073
32 30 0.229993
32 31 0.238055
32 32 0.246135
32 33 0.254380
32 34 0.262659
32 35 0.271125
32 36 0.279644
32 37 0.288373
32 38 0.297173
32 39 0.306207
32 40 0.315332
32 41 0.324712
32 42 0.334200
32 43 0.343964
32 44 0.353853
32 45 0.364035
32 46 0.374354
32 47 0.384976
32 48 0.395743
32 49 0.406817
32 50 0.418032
33 1 0.007967
33 2 0.015934
33 3 0.023892
33 4 0.031853
33 5 0.039796
33 6 0.047743
33 7 0.055665
33 8 0.063593
33 9 0.071488
33 10 0.079392
33 11 0.087257
33 12 0.095136
33 13 0.102970
33 14 0.110823
33 15 0.118627
33 16 0.126458
33 17 0.134238
33 18 0.142052
33 19 0.149815
33 20 0.157622
33 21 0.165381
33 22 0.173194
33 23 0.180964
33 24 0.188802
33 25 0.196602
33 26 0.204485
33 27 0.212340
33 28 0.220295
33 29 0.228231
33 30 0.236286
33 31 0.244336
33 32 0.252524
33 33 0.260720
33 34 0.269076
33 35 0.277456
33 36 0.286017
33 37 0.294618
33 38 0.303421
33 39 0.312280
33 40 0.321361
33 41 0.330515
33 42 0.339908
33 43 0.349387
33 44 0.359122
33 45 0.368952
33 46 0.379047
33 47 0.389242
33 48 0.399705
33 49 0.410266
33 50 0.421087
34 1 0.008257
34 2 0.016510
34 3 0.024763
34 4 0.033000
34 5 0.041239
34 6 0.049454
34 7 0.057670
34 8 0.065853
34 9 0.074041
34 10 0.082186
34 11 0.090338
34 12 0.098441
34 13 0.106555
34 14 0.114615
34 15 0.122690
34 16 0.130707
34 17 0.138746
34 18 0.146725
34 19 0.154734
34 20 0.162682
34 21 0.170670
34 22 0.178600
34 23 0.186581
34 24 0.194508
34 25 0.202500
34 26 0.210444
34 27 0.218468
34 28 0.226453
34 29 0.234534
34 30 0.242587
34 31 0.250754
34 32 0.258905
34 33 0.267189
34 34 0.275470
34 35 0.283905
34 36 0.292350
34 37 0.300968
34 38 0.309611
34 39 0.318446
34 40 0.327319
34 41 0.336400
34 42 0.345531
34 43 0.354883
34 44 0.364295
34 45 0.373936
34 46 0.383639
34 47 0.393575
34 48 0.403570
34 49 0.413791
34 50 0.424058
35 1 0.008553
35 2 0.017106
35 3 0.025648
35 4 0.034189
35 5 0.042707
35 6 0.051225
35 7 0.059710
35 8 0.068194
35 9 0.076635
35 10 0.085077
35 11 0.093468
35 12 0.101861
35 13 0.110195
35 14 0.118536
35 15 0.126811
35 16 0.135098
35 17 0.143315
35 18 0.151550
35 19 0.159713
35 20 0.167901
35 21 0.176018
35 22 0.184170
35 23 0.192253
35 24 0.200382
35 25 0.208446
35 26 0.216570
35 27 0.224635
35 28 0.232776
35 29 0.240866
35 30 0.249047
35 31 0.257189
35 32 0.265439
35 33 0.273661
35 34 0.282010
35 35 0.290342
35 36 0.298819
35 37 0.307293
35 38 0.315929
35 39 0.324573
35 40 0.333395
35 41 0.342235
35 42 0.351264
35 43 0.360320
35 44 0.369574
35 45 0.378857
35 46 0.388340
35 47 0.397849
35 48 0.407553
35 49 0.417270
35 50 0.427166
36 1 0.008860
36 2 0.017714
36 3 0.026566
36 4 0.035400
36 5 0.044230
36 6 0.053029
36 7 0.061824
36 8 0.070577
36 9 0.079325
36 10 0.088020
36 11 0.096711
36 12 0.105339
36 13 0.113966
36 14 0.122521
36 15 0.131078
36 16 0.139557
36 17 0.148042
36 18 0.156446
36 19 0.164860
36 20 0.173192
36 21 0.181543
36 22 0.189810
36 23 0.198106
36 24 0.206321
36 25 0.214576
36 26 0.222755
36 27 0.230987
36 28 0.239149
36 29 0.247380
36 30 0.255548
36 31 0.263801
36 32 0.272002
36 33 0.280304
36 34 0.288565
36 35 0.296944
36 36 0.305293
36 37 0.313775
36 38 0.322238
36 39 0.330850
36 40 0.339452
36 41 0.348214
36 42 0.356972
36 43 0.365900
36 44 0.374825
36 45 0.383923
36 46 0.393016
36 47 0.402276
36 48 0.411521
36 49 0.420920
36 50 0.430283
37 1 0.009173
37 2 0.018346
37 3 0.027504
37 4 0.036657
37 5 0.045783
37 6 0.054903
37 7 0.063981
37 8 0.073051
37 9 0.082068
37 10 0.091074
37 11 0.100016
37 12 0.108949
37 13 0.117806
37 14 0.126655
37 15 0.135420
37 16 0.144180
37 17 0.152850
37 18 0.161518
37 19 0.170091
37 20 0.178669
37 21 0.187150
37 22 0.195644
37 23 0.204040
37 24 0.212459
37 25 0.220783
37 26 0.229141
37 27 0.237409
37 28 0.245724
37 29 0.253956
37 30 0.262249
37 31 0.270466
37 32 0.278761
37 33 0.286990
37 34 0.295312
37 35 0.303577
37 36 0.311951
37 37 0.320278
37 38 0.328727
37 39 0.337139
37 40 0.345684
37 41 0.354198
37 42 0.362854
37 43 0.371480
37 44 0.380253
37 45 0.388993
37 46 0.397876
37 47 0.406718
37 48 0.415691
37 49 0.424605
37 50 0.433628
38 1 0.009499
38 2 0.018991
38 3 0.028478
38 4 0.037943
38 5 0.047399
38 6 0.056817
38 7 0.066224
38 8 0.075579
38 9 0.084919
38 10 0.094193
38 11 0.103452
38 12 0.112632
38 13 0.121796
38 14 0.130871
38 15 0.139930
38 16 0.148892
38 17 0.157840
38 18 0.166684
38 19 0.175518
38 20 0.184243
38 21 0.192964
38 22 0.201574
38 23 0.210188
38 24 0.218692
38 25 0.227209
38 26 0.235618
38 27 0.244052
38 28 0.252383
38 29 0.260752
38 30 0.269025
38 31 0.277350
38 32 0.285586
38 33 0.293891
38 34 0.302114
38 35 0.310421
38 36 0.318656
38 37 0.326987
38 38 0.335255
38 39 0.343631
38 40 0.351949
38 41 0.360385
38 42 0.368765
38 43 0.377267
38 44 0.385712
38 45 0.394278
38 46 0.402778
38 47 0.411389
38 48 0.419920
38 49 0.428543
38 50 0.437061
39 1 0.009833
39 2 0.019663
39 3 0.029476
39 4 0.039281
39 5 0.049052
39 6 0.058811
39 7 0.068519
39 8 0.078210
39 9 0.087835
39 10 0.097440
39 11 0.106965
39 12 0.116465
39 13 0.125874
39 14 0.135257
39 15 0.144537
39 16 0.153792
39 17 0.162934
39 18 0.172053
39 19 0.181052
39 20 0.190032
39 21 0.198888
39 22 0.207731
39 23 0.216447
39 24 0.225158
39 25 0.233743
39 26 0.242332
39 27 0.250799
39 28 0.259282
39 29 0.267646
39 30 0.276041
39 31 0.284323
39 32 0.292650
39 33 0.300872
39 34 0.309152
39 35 0.317337
39 36 0.325593
39 37 0.333760
39 38 0.342012
39 39 0.350181
39 40 0.358444
39 41 0.366627
39 42 0.374909
39 43 0.383111
39 44 0.391411
39 45 0.399626
39 46 0.407932
39 47 0.416140
39 48 0.424423
39 49 0.432586
39 50 0.440799
40 1 0.010181
40 2 0.020352
40 3 0.030516
40 4 0.040653
40 5 0.050776
40 6 0.060853
40 7 0.070911
40 8 0.080906
40 9 0.090875
40 10 0.100765
40 11 0.110625
40 12 0.120390
40 13 0.130122
40 14 0.139746
40 15 0.149335
40 16 0.158804
40 17 0.168237
40 18 0.177541
40 19 0.186812
40 20 0.195946
40 21 0.205050
40 22 0.214013
40 23 0.222953
40 24 0.231750
40 25 0.240531
40 26 0.249170
40 27 0.257804
40 28 0.266299
40 29 0.274800
40 30 0.283168
40 31 0.291556
40 32 0.299817
40 33 0.308112
40 34 0.316286
40 35 0.324509
40 36 0.332619
40 37 0.340788
40 38 0.348852
40 39 0.356986
40 40 0.365017
40 41 0.373125
40 42 0.381132
40 43 0.389217
40 44 0.397196
40 45 0.405249
40 46 0.413186
40 47 0.421184
40 48 0.429047
40 49 0.436950
40 50 0.444690
41 1 0.010537
41 2 0.021071
41 3 0.031584
41 4 0.042084
41 5 0.052545
41 6 0.062985
41 7 0.073366
41 8 0.083719
41 9 0.093994
41 10 0.104234
41 11 0.114379
41 12 0.124484
41 13 0.134478
41 14 0.144428
41 15 0.154252
41 16 0.164029
41 17 0.173669
41 18 0.183261
41 19 0.192707
41 20 0.202106
41 21 0.211352
41 22 0.220555
41 23 0.229601
41 24 0.238610
41 25 0.247460
41 26 0.256283
41 27 0.264947
41 28 0.273595
41 29 0.282088
41 30 0.290577
41 31 0.298916
41 32 0.307265
41 33 0.315471
41 34 0.323700
41 35 0.331793
41 36 0.339922
41 37 0.347922
41 38 0.355969
41 39 0.363892
41 40 0.371870
41 41 0.379725
41 42 0.387640
41 43 0.395429
41 44 0.403275
41 45 0.410989
41 46 0.418750
41 47 0.426363
41 48 0.434006
41 49 0.441477
41 50 0.448950
42 1 0.010910
42 2 0.021810
42 3 0.032699
42 4 0.043556
42 5 0.054393
42 6 0.065176
42 7 0.075930
42 8 0.086609
42 9 0.097251
42 10 0.107798
42 11 0.118300
42 12 0.128689
42 13 0.139026
42 14 0.149234
42 15 0.159385
42 16 0.169391
42 17 0.179338
42 18 0.189128
42 19 0.198858
42 20 0.208421
42 21 0.217925
42 22 0.227256
42 23 0.236532
42 24 0.245631
42 25 0.254681
42 26 0.263554
42 27 0.272388
42 28 0.281046
42 29 0.289676
42 30 0.298134
42 31 0.306578
42 32 0.314855
42 33 0.323131
42 34 0.331248
42 35 0.339377
42 36 0.347354
42 37 0.355355
42 38 0.363210
42 39 0.371099
42 40 0.378845
42 41 0.386630
42 42 0.394272
42 43 0.401954
42 44 0.409487
42 45 0.417055
42 46 0.424462
42 47 0.431890
42 48 0.439137
42 49 0.446381
42 50 0.453415
43 1 0.011294
43 2 0.022582
43 3 0.033846
43 4 0.045094
43 5 0.056294
43 6 0.067466
43 7 0.078568
43 8 0.089630
43 9 0.100602
43 10 0.111523
43 11 0.122333
43 12 0.133084
43 13 0.143703
43 14 0.154257
43 15 0.164661
43 16 0.174995
43 17 0.185163
43 18 0.195257
43 19 0.205174
43 20 0.215016
43 21 0.224671
43 22 0.234251
43 23 0.243639
43 24 0.252958
43 25 0.262080
43 26 0.271140
43 27 0.280005
43 28 0.288817
43 29 0.297435
43 30 0.306014
43 31 0.314404
43 32 0.322768
43 33 0.330950
43 34 0.339118
43 35 0.347113
43 36 0.355107
43 37 0.362934
43 38 0.370773
43 39 0.378448
43 40 0.386143
43 41 0.393677
43 42 0.401234
43 43 0.408627
43 44 0.416041
43 45 0.423282
43 46 0.430534
43 47 0.437598
43 48 0.444653
43 49 0.451495
43 50 0.458301
44 1 0.011695
44 2 0.023378
44 3 0.035047
44 4 0.046678
44 5 0.058283
44 6 0.069825
44 7 0.081328
44 8 0.092743
44 9 0.104107
44 10 0.115361
44 11 0.126552
44 12 0.137610
44 13 0.148596
44 14 0.159429
44 15 0.170181
44 16 0.180762
44 17 0.191256
44 18 0.201564
44 19 0.211780
44 20 0.221797
44 21 0.231723
44 22 0.241440
44 23 0.251067
44 24 0.260481
44 25 0.269810
44 26 0.278923
44 27 0.287959
44 28 0.296781
44 29 0.305537
44 30 0.314082
44 31 0.322574
44 32 0.330862
44 33 0.339111
44 34 0.347163
44 35 0.355190
44 36 0.363028
44 37 0.370854
44 38 0.378497
44 39 0.386140
44 40 0.393603
44 41 0.401071
44 42 0.408360
44 43 0.415656
44 44 0.422768
44 45 0.429880
44 46 0.436795
44 47 0.443698
44 48 0.450383
44 49 0.457032
44 50 0.463435
45 1 0.012109
45 2 0.024211
45 3 0.036285
45 4 0.048337
45 5 0.060335
45 6 0.072295
45 7 0.084175
45 8 0.096002
45 9 0.107723
45 10 0.119379
45 11 0.130903
45 12 0.142350
45 13 0.153642
45 14 0.164845
45 15 0.175872
45 16 0.186801
45 17 0.197535
45 18 0.208165
45 19 0.218585
45 20 0.228895
45 21 0.238983
45 22 0.248962
45 23 0.258710
45 24 0.268351
45 25 0.277756
45 26 0.287061
45 27 0.296129
45 28 0.305106
45 29 0.313849
45 30 0.322513
45 31 0.330949
45 32 0.339320
45 33 0.347469
45 34 0.355570
45 35 0.363457
45 36 0.371310
45 37 0.378958
45 38 0.386583
45 39 0.394011
45 40 0.401425
45 41 0.408645
45 42 0.415856
45 43 0.422870
45 44 0.429875
45 45 0.436674
45 46 0.443455
45 47 0.450015
45 48 0.456538
45 49 0.462816
45 50 0.469029
46 1 0.012543
46 2 0.025071
46 3 0.037583
46 4 0.050050
46 5 0.062484
46 6 0.074846
46 7 0.087157
46 8 0.099368
46 9 0.111512
46 10 0.123528
46 11 0.135463
46 12 0.147243
46 13 0.158929
46 14 0.170436
46 15 0.181835
46 16 0.193034
46 17 0.204115
46 18 0.214977
46 19 0.225714
46 20 0.236215
46 21 0.246589
46 22 0.256715
46 23 0.266713
46 24 0.276456
46 25 0.286075
46 26 0.295435
46 27 0.304679
46 28 0.313665
46 29 0.322545
46 30 0.331173
46 31 0.339708
46 32 0.347998
46 33 0.356212
46 34 0.364189
46 35 0.372106
46 36 0.379796
46 37 0.387440
46 38 0.394867
46 39 0.402261
46 40 0.409443
46 41 0.416601
46 42 0.423548
46 43 0.430475
46 44 0.437187
46 45 0.443874
46 46 0.450336
46 47 0.456759
46 48 0.462938
46 49 0.469057
46 50 0.474902
47 1 0.012991
47 2 0.025973
47 3 0.038923
47 4 0.051845
47 5 0.064706
47 6 0.077519
47 7 0.090240
47 8 0.102895
47 9 0.115428
47 10 0.127877
47 11 0.140176
47 12 0.152374
47 13 0.164394
47 14 0.176298
47 15 0.187998
47 16 0.199570
47 17 0.210914
47 18 0.222119
47 19 0.233078
47 20 0.243891
47 21 0.254442
47 22 0.264843
47 23 0.274971
47 24 0.284951
47 25 0.294652
47 26 0.304209
47 27 0.313486
47 28 0.322629
47 29 0.331495
47 30 0.340239
47 31 0.348713
47 32 0.357082
47 33 0.365190
47 34 0.373211
47 35 0.380981
47 36 0.388680
47 37 0.396141
47 38 0.403547
47 39 0.410723
47 40 0.417857
47 41 0.424767
47 42 0.431642
47 43 0.438294
47 44 0.444912
47 45 0.451299
47 46 0.457646
47 47 0.463748
47 48 0.469793
47 49 0.475570
47 50 0.481263
48 1 0.013461
48 2 0.026905
48 3 0.040328
48 4 0.053702
48 5 0.067034
48 6 0.080284
48 7 0.093472
48 8 0.106544
48 9 0.119535
48 10 0.132378
48 11 0.145120
48 12 0.157684
48 13 0.170127
48 14 0.182365
48 15 0.194465
48 16 0.206333
48 17 0.218049
48 18 0.229509
48 19 0.240806
48 20 0.251829
48 21 0.262681
48 22 0.273244
48 23 0.283635
48 24 0.293725
48 25 0.303647
48 26 0.313264
48 27 0.322719
48 28 0.331871
48 29 0.340873
48 30 0.349577
48 31 0.358146
48 32 0.366428
48 33 0.374593
48 34 0.382483
48 35 0.390275
48 36 0.397805
48 37 0.405256
48 38 0.412458
48 39 0.419597
48 40 0.426497
48 41 0.433346
48 42 0.439961
48 43 0.446531
48 44 0.452866
48 45 0.459156
48 46 0.465200
48 47 0.471189
48 48 0.476915
48 49 0.482565
48 50 0.487925
49 1 0.013947
49 2 0.027882
49 3 0.041783
49 4 0.055649
49 5 0.069445
49 6 0.083184
49 7 0.096818
49 8 0.110373
49 9 0.123788
49 10 0.137101
49 11 0.150240
49 12 0.163256
49 13 0.176067
49 14 0.188734
49 15 0.201165
49 16 0.213434
49 17 0.225439
49 18 0.237268
49 19 0.248810
49 20 0.260164
49 21 0.271211
49 22 0.282065
49 23 0.292598
49 24 0.302936
49 25 0.312946
49 26 0.322765
49 27 0.332255
49 28 0.341564
49 29 0.350548
49 30 0.359366
49 31 0.367867
49 32 0.376221
49 33 0.384272
49 34 0.392196
49 35 0.399832
49 36 0.407363
49 37 0.414622
49 38 0.421797
49 39 0.428712
49 40 0.435561
49 41 0.442161
49 42 0.448705
49 43 0.455005
49 44 0.461255
49 45 0.467257
49 46 0.473204
49 47 0.478892
49 48 0.484511
49 49 0.489849
49 50 0.495093
50 1 0.014457
50 2 0.028895
50 3 0.043308
50 4 0.057666
50 5 0.071974
50 6 0.086189
50 7 0.100330
50 8 0.114340
50 9 0.128251
50 10 0.141996
50 11 0.155616
50 12 0.169034
50 13 0.182305
50 14 0.195338
50 15 0.208202
50 16 0.220798
50 17 0.233205
50 18 0.245315
50 19 0.257220
50 20 0.268805
50 21 0.280174
50 22 0.291205
50 23 0.302015
50 24 0.312474
50 25 0.322713
50 26 0.332596
50 27 0.342266
50 28 0.351583
50 29 0.360700
50 30 0.369470
50 31 0.378060
50 32 0.386317
50 33 0.394415
50 34 0.402197
50 35 0.409845
50 36 0.417194
50 37 0.424434
50 38 0.431394
50 39 0.438266
50 40 0.444874
50 41 0.451411
50 42 0.457694
50 43 0.463917
50 44 0.469890
50 45 0.475806
50 46 0.481466
50 47 0.487061
50 48 0.492386
50 49 0.497627
50 50 0.502572
