1 1 0.014985
1 2 0.029957
1 3 0.044889
1 4 0.059781
1 5 0.074595
1 6 0.089341
1 7 0.103970
1 8 0.118504
1 9 0.132881
1 10 0.147135
1 11 0.161194
1 12 0.175103
1 13 0.188778
1 14 0.202278
1 15 0.215508
1 16 0.228539
1 17 0.241267
1 18 0.253775
1 19 0.265951
1 20 0.277891
1 21 0.289476
1 22 0.300815
1 23 0.311782
1 24 0.322499
1 25 0.332835
1 26 0.342924
1 27 0.352631
1 28 0.362103
1 29 0.371197
1 30 0.380074
1 31 0.388586
1 32 0.396904
1 33 0.404875
1 34 0.412678
1 35 0.420155
1 36 0.427492
1 37 0.434526
1 38 0.441447
1 39 0.448085
1 40 0.454633
1 41 0.460915
1 42 0.467126
1 43 0.473080
1 44 0.478973
1 45 0.484611
1 46 0.490187
1 47 0.495501
1 48 0.500742
1 49 0.505701
1 50 0.510564
2 1 0.015539
2 2 0.031057
2 3 0.046547
2 4 0.061975
2 5 0.077344
2 6 0.092611
2 7 0.107790
2 8 0.122824
2 9 0.137741
2 10 0.152470
2 11 0.167052
2 12 0.181406
2 13 0.195581
2 14 0.209488
2 15 0.223189
2 16 0.236583
2 17 0.249746
2 18 0.262567
2 19 0.275135
2 20 0.287333
2 21 0.299262
2 22 0.310798
2 23 0.322056
2 24 0.332906
2 25 0.343478
2 26 0.353636
2 27 0.363524
2 28 0.373000
2 29 0.382221
2 30 0.391042
2 31 0.399631
2 32 0.407838
2 33 0.415840
2 34 0.423485
2 35 0.430956
2 36 0.438095
2 37 0.445092
2 38 0.451784
2 39 0.458364
2 40 0.464660
2 41 0.470871
2 42 0.476815
2 43 0.482691
2 44 0.488310
2 45 0.493869
2 46 0.499172
2 47 0.504410
2 48 0.509380
2 49 0.514271
2 50 0.518869
3 1 0.016113
3 2 0.032211
3 3 0.048266
3 4 0.064275
3 5 0.080197
3 6 0.096041
3 7 0.111755
3 8 0.127359
3 9 0.142788
3 10 0.158073
3 11 0.173139
3 12 0.188028
3 13 0.202653
3 14 0.217068
3 15 0.231177
3 16 0.245045
3 17 0.258566
3 18 0.271820
3 19 0.284690
3 20 0.297271
3 21 0.309441
3 22 0.321306
3 23 0.332738
3 24 0.343859
3 25 0.354536
3 26 0.364904
3 27 0.374827
3 28 0.384454
3 29 0.393645
3 30 0.402560
3 31 0.411057
3 32 0.419308
3 33 0.427164
3 34 0.434809
3 35 0.442089
3 36 0.449194
3 37 0.455965
3 38 0.462598
3 39 0.468927
3 40 0.475149
3 41 0.481093
3 42 0.486956
3 43 0.492559
3 44 0.498098
3 45 0.503385
3 46 0.508614
3 47 0.513587
3 48 0.518496
3 49 0.523132
3 50 0.527682
4 1 0.016715
4 2 0.033408
4 3 0.050068
4 4 0.066661
4 5 0.083187
4 6 0.099601
4 7 0.115914
4 8 0.132068
4 9 0.148085
4 10 0.163895
4 11 0.179533
4 12 0.194914
4 13 0.210087
4 14 0.224956
4 15 0.239580
4 16 0.253855
4 17 0.267851
4 18 0.281455
4 19 0.294752
4 20 0.307622
4 21 0.320162
4 22 0.332246
4 23 0.343988
4 24 0.355255
4 25 0.366176
4 26 0.376617
4 27 0.386719
4 28 0.396345
4 29 0.405652
4 30 0.414498
4 31 0.423052
4 32 0.431172
4 33 0.439037
4 34 0.446499
4 35 0.453747
4 36 0.460628
4 37 0.467338
4 38 0.473717
4 39 0.479966
4 40 0.485917
4 41 0.491773
4 42 0.497359
4 43 0.502875
4 44 0.508139
4 45 0.513349
4 46 0.518313
4 47 0.523224
4 48 0.527883
4 49 0.532476
4 50 0.536795
5 1 0.017339
5 2 0.034661
5 3 0.051937
5 4 0.069161
5 5 0.086291
5 6 0.103333
5 7 0.120233
5 8 0.137008
5 9 0.153590
5 10 0.170008
5 11 0.186182
5 12 0.202151
5 13 0.217825
5 14 0.233252
5 15 0.248333
5 16 0.263128
5 17 0.277527
5 18 0.291604
5 19 0.305242
5 20 0.318528
5 21 0.331339
5 22 0.343776
5 23 0.355711
5 24 0.367263
5 25 0.378298
5 26 0.388951
5 27 0.399087
5 28 0.408855
5 29 0.418119
5 30 0.427041
5 31 0.435483
5 32 0.443621
5 33 0.451313
5 34 0.458745
5 35 0.465772
5 36 0.472587
5 37 0.479041
5 38 0.485332
5 39 0.491302
5 40 0.497155
5 41 0.502724
5 42 0.508212
5 43 0.513444
5 44 0.518621
5 45 0.523559
5 46 0.528455
5 47 0.533115
5 48 0.537730
5 49 0.542096
5 50 0.546398
6 1 0.017993
6 2 0.035961
6 3 0.053894
6 4 0.071754
6 5 0.089542
6 6 0.107207
6 7 0.124760
6 8 0.142140
6 9 0.159366
6 10 0.176365
6 11 0.193166
6 12 0.209684
6 13 0.225960
6 14 0.241896
6 15 0.257544
6 16 0.272797
6 17 0.287719
6 18 0.302193
6 19 0.316298
6 20 0.329911
6 21 0.343124
6 22 0.355808
6 23 0.368073
6 24 0.379787
6 25 0.391074
6 26 0.401802
6 27 0.412112
6 28 0.421870
6 29 0.431232
6 30 0.440065
6 31 0.448538
6 32 0.456516
6 33 0.464182
6 34 0.471397
6 35 0.478354
6 36 0.484909
6 37 0.491264
6 38 0.497267
6 39 0.503124
6 40 0.508677
6 41 0.514131
6 42 0.519321
6 43 0.524450
6 44 0.529343
6 45 0.534200
6 46 0.538835
6 47 0.543442
6 48 0.547825
6 49 0.552173
6 50 0.556278
7 1 0.018670
7 2 0.037321
7 3 0.055923
7 4 0.074469
7 5 0.092915
7 6 0.111264
7 7 0.129462
7 8 0.147520
7 9 0.165370
7 10 0.183035
7 11 0.200434
7 12 0.217599
7 13 0.234436
7 14 0.250988
7 15 0.267151
7 16 0.282980
7 17 0.298359
7 18 0.313355
7 19 0.327848
7 20 0.341918
7 21 0.355437
7 22 0.368503
7 23 0.380986
7 24 0.392999
7 25 0.404410
7 26 0.415351
7 27 0.425690
7 28 0.435576
7 29 0.444877
7 30 0.453758
7 31 0.462089
7 32 0.470048
7 33 0.477503
7 34 0.484645
7 35 0.491338
7 36 0.497783
7 37 0.503838
7 38 0.509710
7 39 0.515250
7 40 0.520667
7 41 0.525804
7 42 0.530868
7 43 0.535694
7 44 0.540484
7 45 0.545063
7 46 0.549629
7 47 0.553993
7 48 0.558348
7 49 0.562493
7 50 0.566613
8 1 0.019378
8 2 0.038730
8 3 0.058044
8 4 0.077283
8 5 0.096443
8 6 0.115474
8 7 0.134384
8 8 0.153108
8 9 0.171663
8 10 0.189973
8 11 0.208063
8 12 0.225841
8 13 0.243345
8 14 0.260471
8 15 0.277264
8 16 0.293613
8 17 0.309572
8 18 0.325022
8 19 0.340032
8 20 0.354475
8 21 0.368435
8 22 0.381783
8 23 0.394619
8 24 0.406813
8 25 0.418484
8 26 0.429502
8 27 0.440006
8 28 0.449867
8 29 0.459242
8 30 0.468004
8 31 0.476327
8 32 0.484085
8 33 0.491466
8 34 0.498342
8 35 0.504913
8 36 0.511046
8 37 0.516949
8 38 0.522485
8 39 0.527863
8 40 0.532937
8 41 0.537920
8 42 0.542655
8 43 0.547350
8 44 0.551838
8 45 0.556323
8 46 0.560625
8 47 0.564941
8 48 0.569080
8 49 0.573229
8 50 0.577184
9 1 0.020110
9 2 0.040201
9 3 0.060241
9 4 0.080222
9 5 0.100099
9 6 0.119875
9 7 0.139491
9 8 0.158957
9 9 0.178203
9 10 0.197246
9 11 0.216002
9 12 0.234497
9 13 0.252632
9 14 0.270444
9 15 0.287823
9 16 0.304814
9 17 0.321296
9 18 0.337329
9 19 0.352784
9 20 0.367734
9 21 0.382047
9 22 0.395812
9 23 0.408896
9 24 0.421407
9 25 0.433213
9 26 0.444442
9 27 0.454966
9 28 0.464934
9 29 0.474221
9 30 0.482994
9 31 0.491131
9 32 0.498819
9 33 0.505935
9 34 0.512678
9 35 0.518925
9 36 0.524884
9 37 0.530429
9 38 0.535772
9 39 0.540779
9 40 0.545664
9 41 0.550284
9 42 0.554852
9 43 0.559212
9 44 0.563572
9 45 0.567765
9 46 0.571990
9 47 0.576067
9 48 0.580187
9 49 0.584157
9 50 0.588158
10 1 0.020874
10 2 0.041722
10 3 0.062531
10 4 0.083264
10 5 0.103916
10 6 0.124435
10 7 0.144828
10 8 0.165028
10 9 0.185048
10 10 0.204807
10 11 0.224326
10 12 0.243511
10 13 0.262389
10 14 0.280852
10 15 0.298937
10 16 0.316523
10 17 0.333659
10 18 0.350214
10 19 0.366250
10 20 0.381631
10 21 0.396434
10 22 0.410523
10 23 0.423992
10 24 0.436706
10 25 0.448781
10 26 0.460087
10 27 0.470763
10 28 0.480683
10 29 0.490009
10 30 0.498620
10 31 0.506697
10 32 0.514125
10 33 0.521101
10 34 0.527510
10 35 0.533561
10 36 0.539138
10 37 0.544457
10 38 0.549395
10 39 0.554173
10 40 0.558657
10 41 0.563066
10 42 0.567258
10 43 0.571447
10 44 0.575475
10 45 0.579551
10 46 0.583503
10 47 0.587529
10 48 0.591446
10 49 0.595438
10 50 0.599308
11 1 0.021662
11 2 0.043306
11 3 0.064899
11 4 0.086433
11 5 0.107864
11 6 0.129192
11 7 0.150358
11 8 0.171369
11 9 0.192152
11 10 0.212721
11 11 0.232986
11 12 0.252967
11 13 0.272561
11 14 0.291794
11 15 0.310549
11 16 0.328860
11 17 0.346601
11 18 0.363816
11 19 0.380369
11 20 0.396323
11 21 0.411536
11 22 0.426089
11 23 0.439842
11 24 0.452896
11 25 0.465118
11 26 0.476633
11 27 0.487315
11 28 0.497313
11 29 0.506511
11 30 0.515080
11 31 0.522911
11 32 0.530198
11 33 0.536833
11 34 0.543026
11 35 0.548672
11 36 0.553988
11 37 0.558866
11 38 0.563529
11 39 0.567860
11 40 0.572081
11 41 0.576066
11 42 0.580033
11 43 0.583841
11 44 0.587702
11 45 0.591460
11 46 0.595317
11 47 0.599102
11 48 0.603006
11 49 0.606841
11 50 0.610787
12 1 0.022482
12 2 0.044939
12 3 0.067359
12 4 0.089705
12 5 0.111972
12 6 0.134110
12 7 0.156121
12 8 0.177939
12 9 0.199572
12 10 0.220938
12 11 0.242051
12 12 0.262811
12 13 0.283237
12 14 0.303214
12 15 0.322767
12 16 0.341769
12 17 0.360252
12 18 0.378078
12 19 0.395293
12 20 0.411754
12 21 0.427522
12 22 0.442453
12 23 0.456631
12 24 0.469918
12 25 0.482421
12 26 0.494012
12 27 0.504825
12 28 0.514744
12 29 0.523931
12 30 0.532278
12 31 0.539975
12 32 0.546921
12 33 0.553325
12 34 0.559091
12 35 0.564441
12 36 0.569277
12 37 0.573830
12 38 0.577995
12 39 0.582004
12 40 0.585744
12 41 0.589440
12 42 0.592967
12 43 0.596546
12 44 0.600032
12 45 0.603638
12 46 0.607204
12 47 0.610928
12 48 0.614635
12 49 0.618509
12 50 0.622358
13 1 0.023325
13 2 0.046632
13 3 0.069893
13 4 0.093100
13 5 0.116209
13 6 0.139221
13 7 0.162077
13 8 0.184781
13 9 0.207259
13 10 0.229519
13 11 0.251469
13 12 0.273119
13 13 0.294361
13 14 0.315210
13 15 0.335538
13 16 0.355368
13 17 0.374560
13 18 0.393144
13 19 0.410972
13 20 0.428088
13 21 0.444343
13 22 0.459800
13 23 0.474313
13 24 0.487970
13 25 0.500637
13 26 0.512430
13 27 0.523230
13 28 0.533185
13 29 0.542189
13 30 0.550421
13 31 0.557788
13 32 0.564494
13 33 0.570455
13 34 0.575891
13 35 0.580722
13 36 0.585181
13 37 0.589181
13 38 0.592959
13 39 0.596419
13 40 0.599797
13 41 0.602984
13 42 0.606207
13 43 0.609342
13 44 0.612606
13 45 0.615856
13 46 0.619298
13 47 0.622771
13 48 0.626466
13 49 0.630202
13 50 0.634156
14 1 0.024196
14 2 0.048372
14 3 0.072515
14 4 0.096592
14 5 0.120599
14 6 0.144488
14 7 0.168260
14 8 0.191850
14 9 0.215261
14 10 0.238411
14 11 0.261304
14 12 0.283837
14 13 0.306018
14 14 0.327725
14 15 0.348967
14 16 0.369605
14 17 0.389654
14 18 0.408964
14 19 0.427560
14 20 0.445285
14 21 0.462180
14 22 0.478091
14 23 0.493083
14 24 0.507012
14 25 0.519975
14 26 0.531843
14 27 0.542746
14 28 0.552577
14 29 0.561501
14 30 0.569429
14 31 0.576558
14 32 0.582813
14 33 0.588416
14 34 0.593298
14 35 0.597697
14 36 0.601544
14 37 0.605084
14 38 0.608239
14 39 0.611256
14 40 0.614043
14 41 0.616839
14 42 0.619536
14 43 0.622363
14 44 0.625193
14 45 0.628241
14 46 0.631362
14 47 0.634755
14 48 0.638255
14 49 0.642043
14 50 0.645934
15 1 0.025089
15 2 0.050165
15 3 0.075202
15 4 0.100196
15 5 0.125107
15 6 0.149936
15 7 0.174627
15 8 0.199182
15 9 0.223526
15 10 0.247664
15 11 0.271499
15 12 0.295033
15 13 0.318150
15 14 0.340852
15 15 0.362999
15 16 0.384596
15 17 0.405489
15 18 0.425685
15 19 0.445020
15 20 0.463513
15 21 0.481000
15 22 0.497521
15 23 0.512917
15 24 0.527260
15 25 0.540409
15 26 0.552473
15 27 0.563335
15 28 0.573145
15 29 0.581810
15 30 0.589520
15 31 0.596203
15 32 0.602081
15 33 0.607098
15 34 0.611496
15 35 0.615223
15 36 0.618534
15 37 0.621371
15 38 0.623990
15 39 0.626323
15 40 0.628619
15 41 0.630792
15 42 0.633081
15 43 0.635380
15 44 0.637914
15 45 0.640554
15 46 0.643511
15 47 0.646633
15 48 0.650113
15 49 0.653780
15 50 0.657804
16 1 0.026006
16 2 0.051997
16 3 0.077965
16 4 0.103883
16 5 0.129751
16 6 0.155523
16 7 0.181202
16 8 0.206724
16 9 0.232092
16 10 0.257221
16 11 0.282109
16 12 0.306647
16 13 0.330833
16 14 0.354531
16 15 0.377736
16 16 0.400293
16 17 0.422193
16 18 0.443266
16 19 0.463511
16 20 0.482750
16 21 0.500996
16 22 0.518075
16 23 0.534029
16 24 0.548701
16 25 0.562170
16 26 0.574306
16 27 0.585234
16 28 0.594857
16 29 0.603347
16 30 0.610636
16 31 0.616939
16 32 0.622211
16 33 0.626698
16 34 0.630365
16 35 0.633477
16 36 0.635997
16 37 0.638196
16 38 0.640027
16 39 0.641755
16 40 0.643317
16 41 0.644966
16 42 0.646616
16 43 0.648506
16 44 0.650527
16 45 0.652900
16 46 0.655492
16 47 0.658506
16 48 0.661785
16 49 0.665512
16 50 0.669508
17 1 0.026939
17 2 0.053871
17 3 0.080779
17 4 0.107663
17 5 0.134490
17 6 0.161264
17 7 0.187934
17 8 0.214503
17 9 0.240898
17 10 0.267120
17 11 0.293068
17 12 0.318737
17 13 0.344001
17 14 0.368847
17 15 0.393121
17 16 0.416805
17 17 0.439723
17 18 0.461854
17 19 0.483009
17 20 0.503174
17 21 0.522157
17 22 0.539967
17 23 0.556425
17 24 0.571574
17 25 0.585265
17 26 0.597591
17 27 0.608440
17 28 0.617961
17 29 0.626084
17 30 0.633012
17 31 0.638706
17 32 0.643413
17 33 0.647117
17 34 0.650089
17 35 0.652320
17 36 0.654093
17 37 0.655388
17 38 0.656487
17 39 0.657354
17 40 0.658257
17 41 0.659137
17 42 0.660247
17 43 0.661500
17 44 0.663130
17 45 0.665025
17 46 0.667398
17 47 0.670111
17 48 0.673357
17 49 0.676974
17 50 0.681130
18 1 0.027889
18 2 0.055770
18 3 0.083647
18 4 0.111499
18 5 0.139332
18 6 0.167109
18 7 0.194837
18 8 0.222456
18 9 0.249969
18 10 0.277291
18 11 0.304417
18 12 0.331231
18 13 0.357718
18 14 0.383732
18 15 0.409245
18 16 0.434083
18 17 0.458207
18 18 0.481419
18 19 0.503680
18 20 0.524780
18 21 0.544693
18 22 0.563213
18 23 0.580344
18 24 0.595907
18 25 0.609956
18 26 0.622354
18 27 0.633219
18 28 0.642465
18 29 0.650278
18 30 0.656621
18 31 0.661735
18 32 0.665619
18 33 0.668554
18 34 0.670555
18 35 0.671921
18 36 0.672665
18 37 0.673085
18 38 0.673179
18 39 0.673233
18 40 0.673219
18 41 0.673405
18 42 0.673733
18 43 0.674449
18 44 0.675467
18 45 0.677009
18 46 0.678961
18 47 0.681524
18 48 0.684557
18 49 0.688236
18 50 0.692396
19 1 0.028845
19 2 0.057694
19 3 0.086540
19 4 0.115393
19 5 0.144230
19 6 0.173063
19 7 0.201849
19 8 0.230594
19 9 0.259231
19 10 0.287758
19 11 0.316076
19 12 0.344170
19 13 0.371907
19 14 0.399255
19 15 0.426045
19 16 0.452228
19 17 0.477601
19 18 0.502105
19 19 0.525512
19 20 0.547762
19 21 0.568621
19 22 0.588050
19 23 0.605832
19 24 0.621972
19 25 0.636298
19 26 0.648884
19 27 0.659617
19 28 0.668651
19 29 0.675942
19 30 0.681720
19 31 0.685993
19 32 0.689048
19 33 0.690925
19 34 0.691942
19 35 0.692144
19 36 0.691856
19 37 0.691109
19 38 0.690216
19 39 0.689181
19 40 0.688296
19 41 0.687531
19 42 0.687151
19 43 0.687097
19 44 0.687605
19 45 0.688583
19 46 0.690245
19 47 0.692468
19 48 0.695442
19 49 0.699019
19 50 0.703362
20 1 0.029807
20 2 0.059621
20 3 0.089455
20 4 0.119303
20 5 0.149181
20 6 0.179065
20 7 0.208968
20 8 0.238840
20 9 0.268689
20 10 0.298433
20 11 0.328064
20 12 0.357465
20 13 0.386608
20 14 0.415334
20 15 0.443592
20 16 0.471181
20 17 0.498025
20 18 0.523887
20 19 0.548676
20 20 0.572133
20 21 0.594171
20 22 0.614533
20 23 0.633167
20 24 0.649852
20 25 0.664603
20 26 0.677266
20 27 0.687948
20 28 0.696581
20 29 0.703370
20 30 0.708324
20 31 0.711732
20 32 0.713655
20 33 0.714431
20 34 0.714143
20 35 0.713143
20 36 0.711506
20 37 0.709575
20 38 0.707395
20 39 0.705284
20 40 0.703251
20 41 0.701581
20 42 0.700246
20 43 0.699498
20 44 0.699273
20 45 0.699795
20 46 0.700966
20 47 0.702986
20 48 0.705726
20 49 0.709360
20 50 0.713735
21 1 0.030764
21 2 0.061546
21 3 0.092357
21 4 0.123220
21 5 0.154127
21 6 0.185103
21 7 0.216117
21 8 0.247186
21 9 0.278251
21 10 0.309314
21 11 0.340281
21 12 0.371130
21 13 0.401724
21 14 0.432012
21 15 0.461807
21 16 0.491025
21 17 0.519429
21 18 0.546904
21 19 0.573172
21 20 0.598101
21 21 0.621396
21 22 0.642938
21 23 0.662452
21 24 0.679875
21 25 0.694995
21 26 0.707851
21 27 0.718329
21 28 0.726591
21 29 0.732631
21 30 0.736725
21 31 0.738954
21 32 0.739672
21 33 0.739001
21 34 0.737328
21 35 0.734779
21 36 0.731734
21 37 0.728289
21 38 0.724797
21 39 0.721310
21 40 0.718142
21 41 0.715299
21 42 0.713057
21 43 0.711378
21 44 0.710504
21 45 0.710359
21 46 0.711155
21 47 0.712784
21 48 0.715431
21 49 0.718962
21 50 0.723537
22 1 0.031710
22 2 0.063444
22 3 0.095234
22 4 0.127092
22 5 0.159051
22 6 0.191102
22 7 0.223275
22 8 0.255535
22 9 0.287897
22 10 0.320292
22 11 0.352714
22 12 0.385051
22 13 0.417262
22 14 0.449183
22 15 0.480732
22 16 0.511683
22 17 0.541911
22 18 0.571128
22 19 0.599170
22 20 0.625705
22 21 0.650552
22 22 0.673373
22 23 0.694021
22 24 0.712201
22 25 0.727861
22 26 0.740814
22 27 0.751149
22 28 0.758822
22 29 0.764074
22 30 0.766992
22 31 0.767937
22 32 0.767076
22 33 0.764832
22 34 0.761391
22 35 0.757181
22 36 0.752362
22 37 0.747331
22 38 0.742194
22 39 0.737304
22 40 0.732708
22 41 0.728711
22 42 0.725306
22 43 0.722755
22 44 0.721007
22 45 0.720288
22 46 0.720510
22 47 0.721871
22 48 0.724254
22 49 0.727830
22 50 0.732457
23 1 0.032631
23 2 0.065303
23 3 0.098044
23 4 0.130899
23 5 0.163881
23 6 0.197034
23 7 0.230346
23 8 0.263852
23 9 0.297509
23 10 0.331331
23 11 0.365234
23 12 0.399200
23 13 0.433092
23 14 0.466845
23 15 0.500255
23 16 0.533202
23 17 0.565404
23 18 0.596680
23 19 0.626676
23 20 0.655161
23 21 0.681736
23 22 0.706163
23 23 0.728056
23 24 0.747243
23 25 0.763433
23 26 0.776605
23 27 0.786633
23 28 0.793695
23 29 0.797853
23 30 0.799464
23 31 0.798727
23 32 0.796109
23 33 0.791862
23 34 0.786479
23 35 0.780194
23 36 0.773469
23 37 0.766477
23 38 0.759621
23 39 0.753003
23 40 0.746961
23 41 0.741530
23 42 0.736993
23 43 0.733329
23 44 0.730777
23 45 0.729275
23 46 0.729027
23 47 0.729937
23 48 0.732185
23 49 0.735647
23 50 0.740482
24 1 0.033522
24 2 0.067092
24 3 0.100765
24 4 0.134578
24 5 0.168585
24 6 0.202804
24 7 0.237285
24 8 0.272017
24 9 0.307034
24 10 0.342287
24 11 0.377784
24 12 0.413424
24 13 0.449168
24 14 0.484849
24 15 0.520366
24 16 0.555464
24 17 0.589964
24 18 0.623512
24 19 0.655847
24 20 0.686528
24 21 0.715236
24 22 0.741488
24 23 0.764980
24 24 0.785283
24 25 0.802221
24 26 0.815538
24 27 0.825291
24 28 0.831473
24 29 0.834400
24 30 0.834285
24 31 0.831632
24 32 0.826771
24 33 0.820272
24 34 0.812468
24 35 0.803903
24 36 0.794841
24 37 0.785753
24 38 0.776811
24 39 0.768399
24 40 0.760603
24 41 0.753734
24 42 0.747806
24 43 0.743074
24 44 0.739499
24 45 0.737296
24 46 0.736386
24 47 0.736956
24 48 0.738901
24 49 0.742386
24 50 0.747282
25 1 0.034364
25 2 0.068794
25 3 0.103348
25 4 0.138095
25 5 0.173077
25 6 0.208363
25 7 0.243973
25 8 0.279963
25 9 0.316321
25 10 0.353083
25 11 0.390191
25 12 0.427640
25 13 0.465308
25 14 0.503131
25 15 0.540896
25 16 0.578452
25 17 0.615474
25 18 0.651698
25 19 0.686673
25 20 0.720024
25 21 0.751192
25 22 0.779742
25 23 0.805092
25 24 0.826870
25 25 0.844628
25 26 0.858230
25 27 0.867521
25 28 0.872712
25 29 0.873987
25 30 0.871863
25 31 0.866746
25 32 0.859302
25 33 0.849987
25 34 0.839460
25 35 0.828107
25 36 0.816492
25 37 0.804883
25 38 0.793729
25 39 0.783179
25 40 0.773584
25 41 0.764998
25 42 0.757696
25 43 0.751664
25 44 0.747127
25 45 0.744023
25 46 0.742546
25 47 0.742602
25 48 0.744362
25 49 0.747713
25 50 0.752809
26 1 0.035148
26 2 0.070373
26 3 0.105761
26 4 0.141376
26 5 0.177306
26 6 0.213599
26 7 0.250336
26 8 0.287540
26 9 0.325277
26 10 0.363533
26 11 0.402342
26 12 0.441636
26 13 0.481396
26 14 0.521469
26 15 0.561752
26 16 0.601975
26 17 0.641910
26 18 0.681134
26 19 0.719264
26 20 0.755703
26 21 0.789922
26 22 0.821196
26 23 0.848944
26 24 0.872476
26 25 0.891374
26 26 0.905232
26 27 0.914044
26 28 0.917869
26 29 0.917180
26 30 0.912435
26 31 0.904405
26 32 0.893702
26 33 0.881142
26 34 0.867278
26 35 0.852811
26 36 0.838138
26 37 0.823805
26 38 0.810044
26 39 0.797260
26 40 0.785557
26 41 0.775238
26 42 0.766316
26 43 0.759025
26 44 0.753321
26 45 0.749397
26 46 0.747172
26 47 0.746818
26 48 0.748232
26 49 0.751571
26 50 0.756721
27 1 0.035854
27 2 0.071806
27 3 0.107945
27 4 0.144375
27 5 0.181172
27 6 0.218437
27 7 0.256231
27 8 0.294646
27 9 0.333712
27 10 0.373505
27 11 0.414009
27 12 0.455258
27 13 0.497169
27 14 0.539702
27 15 0.582667
27 16 0.625902
27 17 0.669057
27 18 0.711795
27 19 0.753545
27 20 0.793747
27 21 0.831595
27 22 0.866331
27 23 0.897013
27 24 0.922883
27 25 0.943160
27 26 0.957461
27 27 0.965553
27 28 0.967731
27 29 0.964427
27 30 0.956495
27 31 0.944735
27 32 0.930174
27 33 0.913601
27 34 0.895922
27 35 0.877720
27 36 0.859680
27 37 0.842154
27 38 0.825623
27 39 0.810259
27 40 0.796397
27 41 0.784083
27 42 0.773561
27 43 0.764801
27 44 0.757995
27 45 0.753071
27 46 0.750192
27 47 0.749265
27 48 0.750442
27 49 0.753618
27 50 0.758942
28 1 0.036470
28 2 0.073051
28 3 0.109862
28 4 0.147006
28 5 0.184605
28 6 0.222748
28 7 0.261556
28 8 0.301099
28 9 0.341489
28 10 0.382764
28 11 0.425011
28 12 0.468217
28 13 0.512414
28 14 0.557503
28 15 0.603416
28 16 0.649909
28 17 0.696742
28 18 0.743442
28 19 0.789506
28 20 0.834145
28 21 0.876523
28 22 0.915519
28 23 0.950049
28 24 0.978883
28 25 1.001089
28 26 1.015896
28 27 1.023155
28 28 1.023074
28 29 1.016490
28 30 1.004384
28 31 0.988066
28 32 0.968659
28 33 0.947378
28 34 0.925089
28 35 0.902689
28 36 0.880706
28 37 0.859736
28 38 0.840037
28 39 0.821993
28 40 0.805688
28 41 0.791378
28 42 0.779043
28 43 0.768870
28 44 0.760789
28 45 0.754951
28 46 0.751262
28 47 0.749864
28 48 0.750653
28 49 0.753774
28 50 0.759124
29 1 0.036973
29 2 0.074080
29 3 0.111446
29 4 0.149212
29 5 0.187494
29 6 0.226436
29 7 0.266145
29 8 0.306763
29 9 0.348378
29 10 0.391123
29 11 0.435052
29 12 0.480268
29 13 0.526766
29 14 0.574576
29 15 0.623585
29 16 0.673684
29 17 0.724558
29 18 0.775844
29 19 0.826891
29 20 0.876933
29 21 0.924831
29 22 0.969316
29 23 1.008779
29 24 1.041664
29 25 1.066415
29 26 1.082042
29 27 1.088098
29 28 1.085094
29 29 1.074074
29 30 1.056671
29 31 1.034485
29 32 1.009213
29 33 0.982162
29 34 0.954572
29 35 0.927240
29 36 0.900935
29 37 0.876046
29 38 0.853020
29 39 0.831988
29 40 0.813217
29 41 0.796697
29 42 0.782600
29 43 0.770850
29 44 0.761579
29 45 0.754683
29 46 0.750285
29 47 0.748274
29 48 0.748780
29 49 0.751699
29 50 0.757174
30 1 0.037351
30 2 0.074849
30 3 0.112652
30 4 0.150900
30 5 0.189756
30 6 0.229357
30 7 0.269872
30 8 0.311429
30 9 0.354199
30 10 0.398296
30 11 0.443881
30 12 0.491036
30 13 0.539889
30 14 0.590451
30 15 0.642760
30 16 0.696685
30 17 0.752067
30 18 0.808486
30 19 0.865400
30 20 0.921864
30 21 0.976682
30 22 1.028134
30 23 1.074224
30 24 1.112579
30 25 1.141013
30 26 1.157759
30 27 1.162258
30 28 1.155130
30 29 1.138212
30 30 1.113740
30 31 1.084172
30 32 1.051545
30 33 1.017676
30 34 0.983798
30 35 0.950964
30 36 0.919750
30 37 0.890702
30 38 0.864008
30 39 0.839941
30 40 0.818495
30 41 0.799816
30 42 0.783810
30 43 0.770579
30 44 0.759995
30 45 0.752151
30 46 0.746920
30 47 0.744404
30 48 0.744492
30 49 0.747306
30 50 0.752756
31 1 0.037579
31 2 0.075329
31 3 0.113411
31 4 0.152006
31 5 0.191274
31 6 0.231404
31 7 0.272557
31 8 0.314933
31 9 0.358692
31 10 0.404043
31 11 0.451139
31 12 0.500183
31 13 0.551302
31 14 0.604664
31 15 0.660319
31 16 0.718324
31 17 0.778539
31 18 0.840740
31 19 0.904358
31 20 0.968555
31 21 1.031899
31 22 1.092437
31 23 1.147405
31 24 1.193548
31 25 1.227300
31 26 1.245866
31 27 1.248047
31 28 1.235109
31 29 1.209902
31 30 1.176071
31 31 1.136917
31 32 1.095295
31 33 1.053199
31 34 1.012166
31 35 0.973068
31 36 0.936596
31 37 0.903005
31 38 0.872573
31 39 0.845274
31 40 0.821215
31 41 0.800262
31 42 0.782465
31 43 0.767659
31 44 0.755892
31 45 0.747005
31 46 0.741063
31 47 0.737932
31 48 0.737705
31 49 0.740278
31 50 0.745780
32 1 0.037645
32 2 0.075474
32 3 0.113678
32 4 0.152438
32 5 0.191960
32 6 0.232427
32 7 0.274060
32 8 0.317053
32 9 0.361648
32 10 0.408047
32 11 0.456512
32 12 0.507255
32 13 0.560546
32 14 0.616584
32 15 0.675613
32 16 0.737754
32 17 0.803119
32 18 0.871579
32 19 0.942839
32 20 1.016100
32 21 1.090034
32 22 1.162311
32 23 1.229531
32 24 1.286907
32 25 1.328900
32 26 1.350359
32 27 1.349094
32 28 1.327356
32 29 1.290368
32 30 1.243724
32 31 1.192292
32 32 1.139519
32 33 1.087831
32 34 1.038598
32 35 0.992729
32 36 0.950559
32 37 0.912341
32 38 0.878003
32 39 0.847567
32 40 0.820830
32 41 0.797758
32 42 0.778126
32 43 0.761912
32 44 0.748909
32 45 0.739128
32 46 0.732397
32 47 0.728770
32 48 0.728117
32 49 0.730536
32 50 0.735942
33 1 0.037527
33 2 0.075256
33 3 0.113387
33 4 0.152134
33 5 0.191700
33 6 0.232318
33 7 0.274204
33 8 0.317618
33 9 0.362798
33 10 0.410040
33 11 0.459609
33 12 0.511844
33 13 0.567045
33 14 0.625589
33 15 0.687796
33 16 0.754045
33 17 0.824603
33 18 0.899710
33 19 0.979319
33 20 1.063073
33 21 1.149826
33 22 1.237350
33 23 1.321500
33 24 1.395765
33 25 1.451034
33 26 1.477700
33 27 1.470612
33 28 1.434987
33 29 1.380490
33 30 1.316310
33 31 1.249007
33 32 1.182815
33 33 1.120008
33 34 1.061834
33 35 1.008691
33 36 0.960746
33 37 0.917797
33 38 0.879714
33 39 0.846160
33 40 0.816970
33 41 0.791813
33 42 0.770568
33 43 0.752953
33 44 0.738905
33 45 0.728199
33 46 0.720832
33 47 0.716635
33 48 0.715663
33 49 0.717806
33 50 0.723175
34 1 0.037211
34 2 0.074636
34 3 0.112497
34 4 0.151010
34 5 0.190415
34 6 0.230941
34 7 0.272857
34 8 0.316418
34 9 0.361935
34 10 0.409705
34 11 0.460097
34 12 0.513468
34 13 0.570267
34 14 0.630932
34 15 0.696010
34 16 0.766028
34 17 0.841619
34 18 0.923340
34 19 1.011744
34 20 1.107047
34 21 1.208943
34 22 1.315762
34 23 1.423455
34 24 1.523619
34 25 1.601879
34 26 1.638796
34 27 1.620783
34 28 1.561489
34 29 1.480424
34 30 1.392017
34 31 1.304751
34 32 1.222726
34 33 1.147704
34 34 1.080038
34 35 1.019618
34 36 0.965936
34 37 0.918558
34 38 0.876898
34 39 0.840569
34 40 0.809075
34 41 0.782142
34 42 0.759379
34 43 0.740617
34 44 0.725559
34 45 0.714124
34 46 0.706095
34 47 0.701469
34 48 0.700096
34 49 0.702045
34 50 0.707233
35 1 0.036681
35 2 0.073590
35 3 0.110954
35 4 0.149015
35 5 0.188008
35 6 0.228205
35 7 0.269865
35 8 0.313302
35 9 0.358820
35 10 0.406796
35 11 0.457606
35 12 0.511720
35 13 0.569623
35 14 0.631928
35 15 0.699284
35 16 0.772513
35 17 0.852506
35 18 0.940367
35 19 1.037268
35 20 1.144513
35 21 1.263138
35 22 1.393390
35 23 1.532939
35 24 1.673469
35 25 1.794066
35 26 1.854922
35 27 1.812235
35 28 1.709873
35 29 1.587700
35 30 1.466705
35 31 1.355256
35 32 1.255768
35 33 1.168043
35 34 1.091142
35 35 1.023806
35 36 0.964979
35 37 0.913601
35 38 0.868913
35 39 0.830142
35 40 0.796790
35 41 0.768301
35 42 0.744364
35 43 0.724578
35 44 0.708768
35 45 0.696645
35 46 0.688139
35 47 0.683050
35 48 0.681391
35 49 0.683044
35 50 0.688098
36 1 0.035928
36 2 0.072090
36 3 0.108730
36 4 0.146086
36 5 0.184424
36 6 0.224004
36 7 0.265130
36 8 0.308104
36 9 0.353289
36 10 0.401055
36 11 0.451860
36 12 0.506185
36 13 0.564636
36 14 0.627874
36 15 0.696749
36 16 0.772233
36 17 0.855594
36 18 0.948354
36 19 1.052525
36 20 1.170599
36 21 1.305784
36 22 1.461722
36 23 1.641523
36 24 1.843253
36 25 2.046076
36 26 2.174589
36 27 2.063453
36 28 1.878067
36 29 1.693902
36 30 1.531849
36 31 1.393918
36 32 1.277049
36 33 1.177690
36 34 1.092680
36 35 1.019628
36 36 0.956571
36 37 0.902105
36 38 0.855011
36 39 0.814455
36 40 0.779643
36 41 0.750071
36 42 0.725199
36 43 0.704731
36 44 0.688290
36 45 0.675721
36 46 0.666765
36 47 0.661372
36 48 0.659376
36 49 0.660815
36 50 0.665605
37 1 0.034940
37 2 0.070122
37 3 0.105788
37 4 0.142194
37 5 0.179596
37 6 0.218284
37 7 0.258548
37 8 0.300729
37 9 0.345177
37 10 0.392317
37 11 0.442596
37 12 0.496574
37 13 0.554861
37 14 0.618239
37 15 0.687606
37 16 0.764140
37 17 0.849284
37 18 0.944999
37 19 1.053878
37 20 1.179643
37 21 1.327677
37 22 1.506262
37 23 1.728176
37 24 2.012014
37 25 2.372394
37 26 2.733975
37 27 2.388919
37 28 2.045126
37 29 1.777992
37 30 1.572970
37 31 1.411517
37 32 1.280934
37 33 1.172987
37 34 1.082386
37 35 1.005455
37 36 0.939710
37 37 0.883236
37 38 0.834716
37 39 0.793024
37 40 0.757405
37 41 0.727141
37 42 0.701785
37 43 0.680856
37 44 0.664099
37 45 0.651184
37 46 0.641991
37 47 0.636299
37 48 0.634089
37 49 0.635234
37 50 0.639801
38 1 0.033715
38 2 0.067671
38 3 0.102118
38 4 0.137305
38 5 0.173503
38 6 0.210989
38 7 0.250076
38 8 0.291088
38 9 0.334408
38 10 0.380439
38 11 0.429676
38 12 0.482653
38 13 0.540045
38 14 0.602615
38 15 0.671350
38 16 0.747436
38 17 0.832461
38 18 0.928480
38 19 1.038407
38 20 1.166420
38 21 1.319083
38 22 1.507471
38 23 1.752967
38 24 2.104233
38 25 2.697560
38 26 4.000000
38 27 2.713178
38 28 2.135525
38 29 1.800053
38 30 1.570523
38 31 1.398345
38 32 1.262184
38 33 1.151049
38 34 1.058422
38 35 0.980219
38 36 0.913575
38 37 0.856545
38 38 0.807591
38 39 0.765657
38 40 0.729813
38 41 0.699445
38 42 0.673946
38 43 0.652956
38 44 0.636066
38 45 0.623077
38 46 0.613714
38 47 0.607895
38 48 0.605448
38 49 0.606384
38 50 0.610618
39 1 0.032248
39 2 0.064738
39 3 0.097709
39 4 0.131419
39 5 0.166124
39 6 0.202114
39 7 0.239681
39 8 0.279167
39 9 0.320929
39 10 0.365393
39 11 0.413016
39 12 0.464360
39 13 0.520050
39 14 0.580873
39 15 0.647743
39 16 0.721847
39 17 0.804645
39 18 0.898109
39 19 1.004851
39 20 1.128602
39 21 1.274765
39 22 1.451627
39 23 1.671987
39 24 1.954439
39 25 2.313613
39 26 2.674167
39 27 2.328267
39 28 1.983802
39 29 1.716171
39 30 1.510804
39 31 1.349157
39 32 1.218504
39 33 1.110604
39 34 1.020140
39 35 0.943425
39 36 0.877944
39 37 0.821776
39 38 0.773572
39 39 0.732200
39 40 0.696877
39 41 0.666878
39 42 0.641733
39 43 0.620956
39 44 0.604270
39 45 0.591343
39 46 0.582033
39 47 0.576121
39 48 0.573564
39 49 0.574235
39 50 0.578179
40 1 0.030544
40 2 0.061322
40 3 0.092572
40 4 0.124537
40 5 0.157478
40 6 0.191661
40 7 0.227389
40 8 0.264972
40 9 0.304777
40 10 0.347188
40 11 0.392669
40 12 0.441722
40 13 0.494964
40 14 0.553085
40 15 0.616949
40 16 0.687563
40 17 0.766213
40 18 0.854460
40 19 0.954336
40 20 1.068373
40 21 1.199797
40 22 1.352286
40 23 1.528962
40 24 1.727920
40 25 1.928323
40 26 2.054789
40 27 1.941961
40 28 1.755248
40 29 1.570088
40 30 1.407367
40 31 1.269054
40 32 1.152072
40 33 1.052817
40 34 0.968109
40 35 0.895498
40 36 0.833001
40 37 0.779154
40 38 0.732721
40 39 0.692811
40 40 0.658615
40 41 0.629579
40 42 0.605152
40 43 0.584990
40 44 0.568714
40 45 0.556122
40 46 0.546955
40 47 0.541120
40 48 0.538452
40 49 0.538945
40 50 0.542514
41 1 0.028607
41 2 0.057439
41 3 0.086721
41 4 0.116691
41 5 0.147590
41 6 0.179683
41 7 0.213243
41 8 0.248581
41 9 0.286020
41 10 0.325943
41 11 0.368752
41 12 0.414930
41 13 0.465000
41 14 0.519592
41 15 0.579405
41 16 0.645286
41 17 0.718183
41 18 0.799229
41 19 0.889659
41 20 0.990804
41 21 1.103763
41 22 1.228805
41 23 1.363653
41 24 1.499999
41 25 1.616969
41 26 1.674743
41 27 1.629540
41 28 1.525192
41 29 1.401565
41 30 1.279590
41 31 1.167619
41 32 1.067992
41 33 0.980483
41 34 0.904069
41 35 0.837458
41 36 0.779504
41 37 0.729118
41 38 0.685451
41 39 0.647707
41 40 0.615304
41 41 0.587670
41 42 0.564419
41 43 0.545140
41 44 0.529589
41 45 0.517475
41 46 0.508663
41 47 0.502954
41 48 0.500299
41 49 0.500580
41 50 0.503820
42 1 0.026448
42 2 0.053107
42 3 0.080191
42 4 0.107918
42 5 0.136522
42 6 0.166239
42 7 0.197337
42 8 0.230087
42 9 0.264804
42 10 0.301812
42 11 0.341494
42 12 0.384248
42 13 0.430545
42 14 0.480880
42 15 0.535830
42 16 0.595993
42 17 0.662042
42 18 0.734615
42 19 0.814307
42 20 0.901421
42 21 0.995688
42 22 1.095518
42 23 1.196886
42 24 1.291454
42 25 1.364849
42 26 1.397673
42 27 1.376307
42 28 1.314416
42 29 1.231445
42 30 1.141810
42 31 1.053905
42 32 0.971795
42 33 0.897132
42 34 0.830226
42 35 0.770846
42 36 0.718440
42 37 0.672453
42 38 0.632259
42 39 0.597358
42 40 0.567225
42 41 0.541480
42 42 0.519715
42 43 0.501666
42 44 0.487028
42 45 0.475635
42 46 0.467267
42 47 0.461841
42 48 0.459211
42 49 0.459363
42 50 0.462216
43 1 0.024079
43 2 0.048353
43 3 0.073018
43 4 0.098277
43 5 0.124339
43 6 0.151430
43 7 0.179780
43 8 0.209647
43 9 0.241296
43 10 0.275032
43 11 0.311164
43 12 0.350051
43 13 0.392054
43 14 0.437584
43 15 0.487040
43 16 0.540851
43 17 0.599378
43 18 0.662919
43 19 0.731534
43 20 0.804923
43 21 0.882050
43 22 0.960730
43 23 1.036917
43 24 1.104120
43 25 1.153300
43 26 1.174832
43 27 1.163601
43 28 1.124765
43 29 1.067988
43 30 1.002356
43 31 0.934398
43 32 0.868214
43 33 0.806025
43 34 0.748928
43 35 0.697261
43 36 0.651036
43 37 0.609995
43 38 0.573858
43 39 0.542243
43 40 0.514846
43 41 0.491311
43 42 0.471388
43 43 0.454782
43 44 0.441318
43 45 0.430768
43 46 0.423027
43 47 0.417932
43 48 0.415439
43 49 0.415445
43 50 0.417961
44 1 0.021517
44 2 0.043210
44 3 0.065256
44 4 0.087835
44 5 0.111140
44 6 0.135363
44 7 0.160719
44 8 0.187424
44 9 0.215722
44 10 0.245856
44 11 0.278104
44 12 0.312738
44 13 0.350062
44 14 0.390360
44 15 0.433926
44 16 0.480991
44 17 0.531731
44 18 0.586148
44 19 0.644020
44 20 0.704687
44 21 0.766891
44 22 0.828435
44 23 0.885967
44 24 0.934810
44 25 0.969433
44 26 0.984754
44 27 0.978538
44 28 0.953056
44 29 0.913431
44 30 0.865228
44 31 0.813169
44 32 0.760639
44 33 0.709885
44 34 0.662200
44 35 0.618302
44 36 0.578448
44 37 0.542705
44 38 0.510935
44 39 0.482985
44 40 0.458607
44 41 0.437610
44 42 0.419742
44 43 0.404840
44 44 0.392692
44 45 0.383180
44 46 0.376140
44 47 0.371509
44 48 0.369169
44 49 0.369105
44 50 0.371247
45 1 0.018781
45 2 0.037716
45 3 0.056961
45 4 0.076675
45 5 0.097021
45 6 0.118175
45 7 0.140311
45 8 0.163625
45 9 0.188311
45 10 0.214585
45 11 0.242656
45 12 0.272756
45 13 0.305097
45 14 0.339894
45 15 0.377314
45 16 0.417483
45 17 0.460407
45 18 0.505951
45 19 0.553710
45 20 0.602945
45 21 0.652392
45 22 0.700182
45 23 0.743705
45 24 0.779751
45 25 0.804869
45 26 0.816248
45 27 0.812741
45 28 0.795529
45 29 0.767452
45 30 0.732000
45 31 0.692412
45 32 0.651338
45 33 0.610678
45 34 0.571741
45 35 0.535299
45 36 0.501811
45 37 0.471443
45 38 0.444256
45 39 0.420157
45 40 0.399056
45 41 0.380779
45 42 0.365203
45 43 0.352146
45 44 0.341503
45 45 0.333119
45 46 0.326922
45 47 0.322793
45 48 0.320698
45 49 0.320559
45 50 0.322376
46 1 0.015892
46 2 0.031914
46 3 0.048200
46 4 0.064883
46 5 0.082103
46 6 0.100003
46 7 0.118736
46 8 0.138454
46 9 0.159327
46 10 0.181515
46 11 0.205197
46 12 0.230535
46 13 0.257694
46 14 0.286805
46 15 0.317973
46 16 0.351220
46 17 0.386486
46 18 0.423538
46 19 0.461951
46 20 0.500989
46 21 0.539576
46 22 0.576196
46 23 0.608946
46 24 0.635622
46 25 0.654070
46 26 0.662627
46 27 0.660679
46 28 0.648867
46 29 0.628885
46 30 0.602909
46 31 0.573180
46 32 0.541623
46 33 0.509792
46 34 0.478789
46 35 0.449392
46 36 0.422054
46 37 0.397056
46 38 0.374489
46 39 0.354388
46 40 0.336682
46 41 0.321309
46 42 0.308143
46 43 0.297101
46 44 0.288055
46 45 0.280936
46 46 0.275634
46 47 0.272107
46 48 0.270274
46 49 0.270120
46 50 0.271593
47 1 0.012873
47 2 0.025852
47 3 0.039044
47 4 0.052559
47 5 0.066507
47 6 0.081007
47 7 0.096176
47 8 0.112141
47 9 0.129026
47 10 0.146965
47 11 0.166083
47 12 0.186507
47 13 0.208341
47 14 0.231677
47 15 0.256552
47 16 0.282958
47 17 0.310778
47 18 0.339785
47 19 0.369565
47 20 0.399505
47 21 0.428726
47 22 0.456101
47 23 0.480261
47 24 0.499742
47 25 0.513163
47 26 0.519534
47 27 0.518483
47 28 0.510404
47 29 0.496309
47 30 0.477605
47 31 0.455775
47 32 0.432217
47 33 0.408078
47 34 0.384270
47 35 0.361427
47 36 0.339999
47 37 0.320237
47 38 0.302301
47 39 0.286225
47 40 0.272023
47 41 0.259632
47 42 0.249009
47 43 0.240061
47 44 0.232733
47 45 0.226935
47 46 0.222625
47 47 0.219729
47 48 0.218224
47 49 0.218056
47 50 0.219224
48 1 0.009748
48 2 0.019577
48 3 0.029567
48 4 0.039801
48 5 0.050364
48 6 0.061342
48 7 0.072827
48 8 0.084907
48 9 0.097681
48 10 0.111238
48 11 0.125674
48 12 0.141069
48 13 0.157499
48 14 0.175008
48 15 0.193616
48 16 0.213282
48 17 0.233900
48 18 0.255259
48 19 0.277035
48 20 0.298741
48 21 0.319740
48 22 0.339223
48 23 0.356272
48 24 0.369924
48 25 0.379326
48 26 0.383865
48 27 0.383335
48 28 0.377958
48 29 0.368366
48 30 0.355427
48 31 0.340126
48 32 0.323393
48 33 0.306063
48 34 0.288787
48 35 0.272079
48 36 0.256279
48 37 0.241630
48 38 0.228253
48 39 0.216227
48 40 0.205553
48 41 0.196229
48 42 0.188202
48 43 0.181441
48 44 0.175881
48 45 0.171489
48 46 0.168204
48 47 0.166002
48 48 0.164836
48 49 0.164698
48 50 0.165553
49 1 0.006544
49 2 0.013141
49 3 0.019847
49 4 0.026717
49 5 0.033807
49 6 0.041175
49 7 0.048881
49 8 0.056987
49 9 0.065552
49 10 0.074639
49 11 0.084305
49 12 0.094605
49 13 0.105577
49 14 0.117251
49 15 0.129624
49 16 0.142663
49 17 0.156280
49 18 0.170329
49 19 0.184574
49 20 0.198696
49 21 0.212271
49 22 0.224790
49 23 0.235680
49 24 0.244370
49 25 0.250351
49 26 0.253280
49 27 0.253032
49 28 0.249745
49 29 0.243770
49 30 0.235631
49 31 0.225907
49 32 0.215189
49 33 0.203993
49 34 0.192761
49 35 0.181824
49 36 0.171434
49 37 0.161750
49 38 0.152883
49 39 0.144878
49 40 0.137764
49 41 0.131527
49 42 0.126158
49 43 0.121621
49 44 0.117894
49 45 0.114936
49 46 0.112730
49 47 0.111240
49 48 0.110454
49 49 0.110347
49 50 0.110916
50 1 0.003285
50 2 0.006598
50 3 0.009964
50 4 0.013413
50 5 0.016973
50 6 0.020672
50 7 0.024540
50 8 0.028608
50 9 0.032906
50 10 0.037463
50 11 0.042309
50 12 0.047468
50 13 0.052960
50 14 0.058795
50 15 0.064971
50 16 0.071467
50 17 0.078237
50 18 0.085201
50 19 0.092244
50 20 0.099200
50 21 0.105864
50 22 0.111987
50 23 0.117298
50 24 0.121525
50 25 0.124437
50 26 0.125873
50 27 0.125781
50 28 0.124218
50 29 0.121352
50 30 0.117418
50 31 0.112697
50 32 0.107463
50 33 0.101974
50 34 0.096441
50 35 0.091037
50 36 0.085883
50 37 0.081071
50 38 0.076650
50 39 0.072656
50 40 0.069097
50 41 0.065977
50 42 0.063284
50 43 0.061010
50 44 0.059137
50 45 0.057654
50 46 0.056542
50 47 0.055794
50 48 0.055394
50 49 0.055340
50 50 0.055620
