1 1 0.515115
1 2 0.519534
1 3 0.523598
1 4 0.527481
1 5 0.530957
1 6 0.534194
1 7 0.536961
1 8 0.539420
1 9 0.541339
1 10 0.542875
1 11 0.543797
1 12 0.544257
1 13 0.544028
1 14 0.543258
1 15 0.541727
1 16 0.539580
1 17 0.536606
1 18 0.532950
1 19 0.528412
1 20 0.523138
1 21 0.516941
1 22 0.509968
1 23 0.502048
1 24 0.493331
1 25 0.483661
1 26 0.473189
1 27 0.461778
1 28 0.449578
1 29 0.436471
1 30 0.422605
1 31 0.407878
1 32 0.392437
1 33 0.376198
1 34 0.359299
1 35 0.341674
1 36 0.323455
1 37 0.304589
1 38 0.285200
1 39 0.265248
1 40 0.244848
1 41 0.223973
1 42 0.202725
1 43 0.181090
1 44 0.159159
1 45 0.136928
1 46 0.114477
1 47 0.091812
1 48 0.069002
1 49 0.046064
1 50 0.023053
2 1 0.523359
2 2 0.527520
2 3 0.531531
2 4 0.535165
2 5 0.538593
2 6 0.541585
2 7 0.544306
2 8 0.546524
2 9 0.548396
2 10 0.549691
2 11 0.550560
2 12 0.550774
2 13 0.550481
2 14 0.549458
2 15 0.547848
2 16 0.545437
2 17 0.542368
2 18 0.538436
2 19 0.533785
2 20 0.528222
2 21 0.521894
2 22 0.514624
2 23 0.506558
2 24 0.497537
2 25 0.487709
2 26 0.476933
2 27 0.465357
2 28 0.452858
2 29 0.439585
2 30 0.425430
2 31 0.410542
2 32 0.394829
2 33 0.378436
2 34 0.361288
2 35 0.343521
2 36 0.325076
2 37 0.306083
2 38 0.286494
2 39 0.266431
2 40 0.245858
2 41 0.224885
2 42 0.203489
2 43 0.181769
2 44 0.159713
2 45 0.137407
2 46 0.114850
2 47 0.092117
2 48 0.069217
2 49 0.046211
2 50 0.023123
3 1 0.531930
3 2 0.536057
3 3 0.539840
3 4 0.543451
3 5 0.546663
3 6 0.549641
3 7 0.552155
3 8 0.554363
3 9 0.556031
3 10 0.557313
3 11 0.557977
3 12 0.558171
3 13 0.557665
3 14 0.556606
3 15 0.554772
3 16 0.552305
3 17 0.548994
3 18 0.544982
3 19 0.540069
3 20 0.534400
3 21 0.527791
3 22 0.520388
3 23 0.512023
3 24 0.502846
3 25 0.492706
3 26 0.481755
3 27 0.469860
3 28 0.457173
3 29 0.443580
3 30 0.429231
3 31 0.414030
3 32 0.398123
3 33 0.381431
3 34 0.364094
3 35 0.346047
3 36 0.327424
3 37 0.308173
3 38 0.288420
3 39 0.268124
3 40 0.247400
3 41 0.226220
3 42 0.204687
3 43 0.182784
3 44 0.160603
3 45 0.138136
3 46 0.115463
3 47 0.092587
3 48 0.069574
3 49 0.046442
3 50 0.023241
4 1 0.541022
4 2 0.544937
4 3 0.548717
4 4 0.552136
4 5 0.555361
4 6 0.558163
4 7 0.560700
4 8 0.562740
4 9 0.564437
4 10 0.565555
4 11 0.566242
4 12 0.566266
4 13 0.565772
4 14 0.564531
4 15 0.562686
4 16 0.560017
4 17 0.556667
4 18 0.552428
4 19 0.547442
4 20 0.541518
4 21 0.534800
4 22 0.527113
4 23 0.518605
4 24 0.509118
4 25 0.498803
4 26 0.487521
4 27 0.475424
4 28 0.462394
4 29 0.448581
4 30 0.433885
4 31 0.418454
4 32 0.402204
4 33 0.385280
4 34 0.367611
4 35 0.349337
4 36 0.330401
4 37 0.310933
4 38 0.290889
4 39 0.270389
4 40 0.249399
4 41 0.228029
4 42 0.206256
4 43 0.184176
4 44 0.161778
4 45 0.139146
4 46 0.116277
4 47 0.093243
4 48 0.070053
4 49 0.046764
4 50 0.023398
5 1 0.550424
5 2 0.554350
5 3 0.557955
5 4 0.561409
5 5 0.564483
5 6 0.567338
5 7 0.569742
5 8 0.571848
5 9 0.573420
5 10 0.574606
5 11 0.575169
5 12 0.575253
5 13 0.574624
5 14 0.573422
5 15 0.571422
5 16 0.568763
5 17 0.565229
5 18 0.560959
5 19 0.555754
5 20 0.549756
5 21 0.542779
5 22 0.534971
5 23 0.526165
5 24 0.516512
5 25 0.505865
5 26 0.494378
5 27 0.481923
5 28 0.468656
5 29 0.454467
5 30 0.439512
5 31 0.423699
5 32 0.407178
5 33 0.389874
5 34 0.371932
5 35 0.353291
5 36 0.334087
5 37 0.314270
5 38 0.293969
5 39 0.273144
5 40 0.251910
5 41 0.230241
5 42 0.208239
5 43 0.185887
5 44 0.163273
5 45 0.140392
5 46 0.117318
5 47 0.094055
5 48 0.070666
5 49 0.047165
5 50 0.023601
6 1 0.560320
6 2 0.564083
6 3 0.567739
6 4 0.571062
6 5 0.574215
6 6 0.576966
6 7 0.579470
6 8 0.581490
6 9 0.583172
6 10 0.584279
6 11 0.584951
6 12 0.584951
6 13 0.584415
6 14 0.583111
6 15 0.581174
6 16 0.578382
6 17 0.574869
6 18 0.570426
6 19 0.565191
6 20 0.558971
6 21 0.551907
6 22 0.543826
6 23 0.534875
6 24 0.524900
6 25 0.514054
6 26 0.502203
6 27 0.489502
6 28 0.475839
6 29 0.461369
6 30 0.445998
6 31 0.429879
6 32 0.412935
6 33 0.395315
6 34 0.376954
6 35 0.357995
6 36 0.338385
6 37 0.318258
6 38 0.297572
6 39 0.276450
6 40 0.254858
6 41 0.232907
6 42 0.210574
6 43 0.187955
6 44 0.165037
6 45 0.141902
6 46 0.118548
6 47 0.095042
6 48 0.071392
6 49 0.047652
6 50 0.023841
7 1 0.570496
7 2 0.574317
7 3 0.577855
7 4 0.581275
7 5 0.584348
7 6 0.587228
7 7 0.589681
7 8 0.591851
7 9 0.593499
7 10 0.594764
7 11 0.595404
7 12 0.595553
7 13 0.594972
7 14 0.593792
7 15 0.591782
7 16 0.589070
7 17 0.585440
7 18 0.581021
7 19 0.575613
7 20 0.569351
7 21 0.562051
7 22 0.553858
7 23 0.544608
7 24 0.534451
7 25 0.523247
7 26 0.511151
7 27 0.498044
7 28 0.484085
7 29 0.469173
7 30 0.453468
7 31 0.436887
7 32 0.419585
7 33 0.401497
7 34 0.382770
7 35 0.363349
7 36 0.343376
7 37 0.322805
7 38 0.301767
7 39 0.280225
7 40 0.258296
7 41 0.235954
7 42 0.213302
7 43 0.190322
7 44 0.167102
7 45 0.143633
7 46 0.119990
7 47 0.096174
7 48 0.072244
7 49 0.048211
7 50 0.024122
8 1 0.581124
8 2 0.584833
8 3 0.588478
8 4 0.591835
8 5 0.595060
8 6 0.597918
8 7 0.600556
8 8 0.602734
8 9 0.604587
8 10 0.605872
8 11 0.606719
8 12 0.606884
8 13 0.606491
8 14 0.605303
8 15 0.603441
8 16 0.600678
8 17 0.597137
8 18 0.592607
8 19 0.587215
8 20 0.580768
8 21 0.573402
8 22 0.564946
8 23 0.555545
8 24 0.545049
8 25 0.533613
8 26 0.521111
8 27 0.507702
8 28 0.493283
8 29 0.478015
8 30 0.461814
8 31 0.444840
8 32 0.427024
8 33 0.408523
8 34 0.389279
8 35 0.369442
8 36 0.348964
8 37 0.327984
8 38 0.306464
8 39 0.284528
8 40 0.262147
8 41 0.239431
8 42 0.216358
8 43 0.193024
8 44 0.169415
8 45 0.145610
8 46 0.121606
8 47 0.097467
8 48 0.073198
8 49 0.048850
8 50 0.024438
9 1 0.591982
9 2 0.595799
9 3 0.599390
9 4 0.602913
9 5 0.606138
9 6 0.609210
9 7 0.611892
9 8 0.614317
9 9 0.616241
9 10 0.617790
9 11 0.618715
9 12 0.619135
9 13 0.618805
9 14 0.617839
9 15 0.616001
9 16 0.613404
9 17 0.609825
9 18 0.605383
9 19 0.599872
9 20 0.593420
9 21 0.585844
9 22 0.577282
9 23 0.567576
9 24 0.556874
9 25 0.545045
9 26 0.532247
9 27 0.518371
9 28 0.503582
9 29 0.487791
9 30 0.471166
9 31 0.453635
9 32 0.435362
9 33 0.416291
9 34 0.396577
9 35 0.376174
9 36 0.355229
9 37 0.333703
9 38 0.311729
9 39 0.289276
9 40 0.266463
9 41 0.243264
9 42 0.219783
9 43 0.196001
9 44 0.172006
9 45 0.147787
9 46 0.123416
9 47 0.098890
9 48 0.074267
9 49 0.049553
9 50 0.024791
10 1 0.603230
10 2 0.606991
10 3 0.610752
10 4 0.614289
10 5 0.617748
10 6 0.620893
10 7 0.623860
10 8 0.626402
10 9 0.628642
10 10 0.630330
10 11 0.631578
10 12 0.632136
10 13 0.632108
10 14 0.631249
10 15 0.629663
10 16 0.627113
10 17 0.623708
10 18 0.619228
10 19 0.613790
10 20 0.607197
10 21 0.599578
10 22 0.590762
10 23 0.580893
10 24 0.569828
10 25 0.557722
10 26 0.544462
10 27 0.530212
10 28 0.514882
10 29 0.498643
10 30 0.481423
10 31 0.463394
10 32 0.444499
10 33 0.424903
10 34 0.404563
10 35 0.383632
10 36 0.362074
10 37 0.340031
10 38 0.317472
10 39 0.294525
10 40 0.271163
10 41 0.247497
10 42 0.223507
10 43 0.199286
10 44 0.174821
10 45 0.150188
10 46 0.125380
10 47 0.100459
10 48 0.075426
10 49 0.050328
10 50 0.025174
11 1 0.614639
11 2 0.618562
11 3 0.622339
11 4 0.626119
11 5 0.629671
11 6 0.633129
11 7 0.636251
11 8 0.639157
11 9 0.641595
11 10 0.643673
11 11 0.645133
11 12 0.646076
11 13 0.646244
11 14 0.645731
11 15 0.644289
11 16 0.642012
11 17 0.638666
11 18 0.634354
11 19 0.628863
11 20 0.622310
11 21 0.614508
11 22 0.605592
11 23 0.595406
11 24 0.584101
11 25 0.571554
11 26 0.557930
11 27 0.543133
11 28 0.527339
11 29 0.510475
11 30 0.492719
11 31 0.474018
11 32 0.454546
11 33 0.434261
11 34 0.413329
11 35 0.391715
11 36 0.369573
11 37 0.346874
11 38 0.323753
11 39 0.300187
11 40 0.276294
11 41 0.252053
11 42 0.227566
11 43 0.202815
11 44 0.177885
11 45 0.152763
11 46 0.127516
11 47 0.102140
11 48 0.076686
11 49 0.051157
11 50 0.025591
12 1 0.626351
12 2 0.630280
12 3 0.634297
12 4 0.638178
12 5 0.642059
12 6 0.645702
12 7 0.649226
12 8 0.652381
12 9 0.655269
12 10 0.657632
12 11 0.659561
12 12 0.660791
12 13 0.661406
12 14 0.661143
12 15 0.660085
12 16 0.657980
12 17 0.654915
12 18 0.650659
12 19 0.645312
12 20 0.638670
12 21 0.630853
12 22 0.621691
12 23 0.611323
12 24 0.599617
12 25 0.586733
12 26 0.572570
12 27 0.557304
12 28 0.540864
12 29 0.523433
12 30 0.504961
12 31 0.485631
12 32 0.465406
12 33 0.444464
12 34 0.422776
12 35 0.400506
12 36 0.377630
12 37 0.354294
12 38 0.330479
12 39 0.306312
12 40 0.281772
12 41 0.256971
12 42 0.231889
12 43 0.206616
12 44 0.181140
12 45 0.155531
12 46 0.129781
12 47 0.103945
12 48 0.078020
12 49 0.052047
12 50 0.026031
13 1 0.638129
13 2 0.642279
13 3 0.646391
13 4 0.650604
13 5 0.654686
13 6 0.658758
13 7 0.662571
13 8 0.666229
13 9 0.669470
13 10 0.672379
13 11 0.674687
13 12 0.676467
13 13 0.677445
13 14 0.677687
13 15 0.676928
13 16 0.675234
13 17 0.672355
13 18 0.668370
13 19 0.663055
13 20 0.656508
13 21 0.648543
13 22 0.639282
13 23 0.628579
13 24 0.616584
13 25 0.603189
13 26 0.588569
13 27 0.572650
13 28 0.555621
13 29 0.537433
13 30 0.518282
13 31 0.498137
13 32 0.477188
13 33 0.455413
13 34 0.432990
13 35 0.409902
13 36 0.386309
13 37 0.362196
13 38 0.337701
13 39 0.312808
13 40 0.287637
13 41 0.262168
13 42 0.236502
13 43 0.210622
13 44 0.184606
13 45 0.158441
13 46 0.132189
13 47 0.105839
13 48 0.079436
13 49 0.052980
13 50 0.026499
14 1 0.650094
14 2 0.654316
14 3 0.658747
14 4 0.663161
14 5 0.667684
14 6 0.672072
14 7 0.676429
14 8 0.680495
14 9 0.684353
14 10 0.687728
14 11 0.690686
14 12 0.692944
14 13 0.694555
14 14 0.695234
14 15 0.695031
14 16 0.693673
14 17 0.691216
14 18 0.687411
14 19 0.682332
14 20 0.675766
14 21 0.667817
14 22 0.658317
14 23 0.647402
14 24 0.634951
14 25 0.621132
14 26 0.605868
14 27 0.589351
14 28 0.571535
14 29 0.552625
14 30 0.532598
14 31 0.511658
14 32 0.489794
14 33 0.467200
14 34 0.443869
14 35 0.419975
14 36 0.395511
14 37 0.370630
14 38 0.345321
14 39 0.319715
14 40 0.293797
14 41 0.267674
14 42 0.241330
14 43 0.214852
14 44 0.188222
14 45 0.161507
14 46 0.134693
14 47 0.107830
14 48 0.080907
14 49 0.053959
14 50 0.026983
15 1 0.661996
15 2 0.666505
15 3 0.671119
15 4 0.675968
15 5 0.680817
15 6 0.685772
15 7 0.690579
15 8 0.695319
15 9 0.699718
15 10 0.703837
15 11 0.707386
15 12 0.710404
15 13 0.712596
15 14 0.713989
15 15 0.714290
15 16 0.713527
15 17 0.711426
15 18 0.708029
15 19 0.703095
15 20 0.696698
15 21 0.688643
15 22 0.679044
15 23 0.667760
15 24 0.654948
15 25 0.640521
15 26 0.624669
15 27 0.607350
15 28 0.588775
15 29 0.568933
15 30 0.548041
15 31 0.526103
15 32 0.503329
15 33 0.479726
15 34 0.455488
15 35 0.430618
15 36 0.405288
15 37 0.379493
15 38 0.353378
15 39 0.326935
15 40 0.300281
15 41 0.273401
15 42 0.246391
15 43 0.219233
15 44 0.191999
15 45 0.164671
15 46 0.137303
15 47 0.109880
15 48 0.082437
15 49 0.054966
15 50 0.027487
16 1 0.673934
16 2 0.678589
16 3 0.683610
16 4 0.688774
16 5 0.694193
16 6 0.699620
16 7 0.705140
16 8 0.710482
16 9 0.715705
16 10 0.720516
16 11 0.724948
16 12 0.728692
16 13 0.731759
16 14 0.733836
16 15 0.734926
16 16 0.734721
16 17 0.733234
16 18 0.730186
16 19 0.725614
16 20 0.719289
16 21 0.711293
16 22 0.701456
16 23 0.689913
16 24 0.676562
16 25 0.661585
16 26 0.644938
16 27 0.626839
16 28 0.607284
16 29 0.586509
16 30 0.564532
16 31 0.541585
16 32 0.517692
16 33 0.493070
16 34 0.467739
16 35 0.441889
16 36 0.415529
16 37 0.388821
16 38 0.361765
16 39 0.334491
16 40 0.306990
16 41 0.279366
16 42 0.251601
16 43 0.223776
16 44 0.195869
16 45 0.167940
16 46 0.139968
16 47 0.111992
16 48 0.083995
16 49 0.056002
16 50 0.028000
17 1 0.685642
17 2 0.690654
17 3 0.695958
17 4 0.701671
17 5 0.707561
17 6 0.713717
17 7 0.719878
17 8 0.726102
17 9 0.732103
17 10 0.737905
17 11 0.743198
17 12 0.747977
17 13 0.751914
17 14 0.754985
17 15 0.756856
17 16 0.757502
17 17 0.756604
17 18 0.754157
17 19 0.749887
17 20 0.743832
17 21 0.735783
17 22 0.725840
17 23 0.713875
17 24 0.700053
17 25 0.684320
17 26 0.666896
17 27 0.647784
17 28 0.627237
17 29 0.605289
17 30 0.582198
17 31 0.558012
17 32 0.532974
17 33 0.507125
17 34 0.480680
17 35 0.453668
17 36 0.426271
17 37 0.398499
17 38 0.370502
17 39 0.342276
17 40 0.313937
17 41 0.285471
17 42 0.256965
17 43 0.228399
17 44 0.199837
17 45 0.171252
17 46 0.142689
17 47 0.114125
17 48 0.085583
17 49 0.057045
17 50 0.028522
18 1 0.697191
18 2 0.702428
18 3 0.708234
18 4 0.714392
18 5 0.721000
18 6 0.727809
18 7 0.734885
18 8 0.741947
18 9 0.749024
18 10 0.755805
18 11 0.762280
18 12 0.768107
18 13 0.773245
18 14 0.777334
18 15 0.780314
18 16 0.781825
18 17 0.781814
18 18 0.779953
18 19 0.776225
18 20 0.770369
18 21 0.762434
18 22 0.752248
18 23 0.739948
18 24 0.725456
18 25 0.708986
18 26 0.690542
18 27 0.670391
18 28 0.648589
18 29 0.625420
18 30 0.600960
18 31 0.575486
18 32 0.549067
18 33 0.521951
18 34 0.494190
18 35 0.465992
18 36 0.437387
18 37 0.408543
18 38 0.379468
18 39 0.350294
18 40 0.321011
18 41 0.291716
18 42 0.262390
18 43 0.233102
18 44 0.203825
18 45 0.174605
18 46 0.145413
18 47 0.116276
18 48 0.087167
18 49 0.058096
18 50 0.029041
19 1 0.708297
19 2 0.713964
19 3 0.720160
19 4 0.726995
19 5 0.734237
19 6 0.741962
19 7 0.749904
19 8 0.758099
19 9 0.766243
19 10 0.774327
19 11 0.782009
19 12 0.789234
19 13 0.795625
19 14 0.801093
19 15 0.805239
19 16 0.807961
19 17 0.808874
19 18 0.807894
19 19 0.804692
19 20 0.799251
19 21 0.791335
19 22 0.781026
19 23 0.768211
19 24 0.753078
19 25 0.735624
19 26 0.716123
19 27 0.694650
19 28 0.671519
19 29 0.646842
19 30 0.620934
19 31 0.593904
19 32 0.566038
19 33 0.537422
19 34 0.508299
19 35 0.478723
19 36 0.448888
19 37 0.418818
19 38 0.388663
19 39 0.358422
19 40 0.328205
19 41 0.297994
19 42 0.267867
19 43 0.237795
19 44 0.207827
19 45 0.177930
19 46 0.148132
19 47 0.118400
19 48 0.088742
19 49 0.059129
19 50 0.029557
20 1 0.718999
20 2 0.724971
20 3 0.731772
20 4 0.739190
20 5 0.747314
20 6 0.755898
20 7 0.764989
20 8 0.774302
20 9 0.783834
20 10 0.793252
20 11 0.802500
20 12 0.811195
20 13 0.819227
20 14 0.826171
20 15 0.831878
20 16 0.835907
20 17 0.838103
20 18 0.838058
20 19 0.835666
20 20 0.830607
20 21 0.822882
20 22 0.812311
20 23 0.799034
20 24 0.783021
20 25 0.764539
20 26 0.743676
20 27 0.720779
20 28 0.695997
20 29 0.669694
20 30 0.642030
20 31 0.613341
20 32 0.583759
20 33 0.553569
20 34 0.522862
20 35 0.491864
20 36 0.460623
20 37 0.429312
20 38 0.397943
20 39 0.366641
20 40 0.335393
20 41 0.304286
20 42 0.273290
20 43 0.242460
20 44 0.211758
20 45 0.181214
20 46 0.150787
20 47 0.120487
20 48 0.090274
20 49 0.060143
20 50 0.030057
21 1 0.728994
21 2 0.735467
21 3 0.742766
21 4 0.750995
21 5 0.759931
21 6 0.769639
21 7 0.779854
21 8 0.790592
21 9 0.801539
21 10 0.812648
21 11 0.823544
21 12 0.834113
21 13 0.843916
21 14 0.852772
21 15 0.860194
21 16 0.865959
21 17 0.869574
21 18 0.870833
21 19 0.869306
21 20 0.864881
21 21 0.857276
21 22 0.846543
21 23 0.832593
21 24 0.815661
21 25 0.795833
21 26 0.773479
21 27 0.748793
21 28 0.722195
21 29 0.693909
21 30 0.664337
21 31 0.633672
21 32 0.602258
21 33 0.570234
21 34 0.537870
21 35 0.505247
21 36 0.472567
21 37 0.439863
21 38 0.407277
21 39 0.374805
21 40 0.342544
21 41 0.310466
21 42 0.278632
21 43 0.246998
21 44 0.215598
21 45 0.184382
21 46 0.153362
21 47 0.122488
21 48 0.091753
21 49 0.061110
21 50 0.030539
22 1 0.738282
22 2 0.745137
22 3 0.753140
22 4 0.762094
22 5 0.772083
22 6 0.782871
22 7 0.794497
22 8 0.806674
22 9 0.819377
22 10 0.832256
22 11 0.845206
22 12 0.857796
22 13 0.869834
22 14 0.880807
22 15 0.890438
22 16 0.898161
22 17 0.903664
22 18 0.906393
22 19 0.906094
22 20 0.902336
22 21 0.895036
22 22 0.883992
22 23 0.869361
22 24 0.851196
22 25 0.829869
22 26 0.805614
22 27 0.778918
22 28 0.750083
22 29 0.719596
22 30 0.687736
22 31 0.654924
22 32 0.621368
22 33 0.587396
22 34 0.553136
22 35 0.518830
22 36 0.484537
22 37 0.450422
22 38 0.416497
22 39 0.382868
22 40 0.349513
22 41 0.316496
22 42 0.283772
22 43 0.251376
22 44 0.219253
22 45 0.187411
22 46 0.155792
22 47 0.124387
22 48 0.093139
22 49 0.062024
22 50 0.030989
23 1 0.746541
23 2 0.753959
23 3 0.762563
23 4 0.772456
23 5 0.783435
23 6 0.795563
23 7 0.808589
23 8 0.822519
23 9 0.837040
23 10 0.852076
23 11 0.867226
23 12 0.882309
23 13 0.896817
23 14 0.910450
23 15 0.922591
23 16 0.932842
23 17 0.940527
23 18 0.945230
23 19 0.946339
23 20 0.943571
23 21 0.936540
23 22 0.925253
23 23 0.909664
23 24 0.890106
23 25 0.866832
23 26 0.840392
23 27 0.811184
23 28 0.779809
23 29 0.746658
23 30 0.712261
23 31 0.676922
23 32 0.641053
23 33 0.604846
23 34 0.568595
23 35 0.532400
23 36 0.496457
23 37 0.460793
23 38 0.425533
23 39 0.390658
23 40 0.356240
23 41 0.322231
23 42 0.288666
23 43 0.255483
23 44 0.222689
23 45 0.190216
23 46 0.158053
23 47 0.126129
23 48 0.094419
23 49 0.062857
23 50 0.031404
24 1 0.753735
24 2 0.761596
24 3 0.770987
24 4 0.781734
24 5 0.793927
24 6 0.807356
24 7 0.822061
24 8 0.837775
24 9 0.854467
24 10 0.871783
24 11 0.889584
24 12 0.907398
24 13 0.924938
24 14 0.941584
24 15 0.956889
24 16 0.970088
24 17 0.980616
24 18 0.987662
24 19 0.990696
24 20 0.989067
24 21 0.982524
24 22 0.970816
24 23 0.954147
24 24 0.932731
24 25 0.907160
24 26 0.877937
24 27 0.845804
24 28 0.811310
24 29 0.775139
24 30 0.737729
24 31 0.699612
24 32 0.661075
24 33 0.622486
24 34 0.583999
24 35 0.545852
24 36 0.508097
24 37 0.470878
24 38 0.434185
24 39 0.398094
24 40 0.362558
24 41 0.327609
24 42 0.293178
24 43 0.259270
24 44 0.225804
24 45 0.192765
24 46 0.160073
24 47 0.127694
24 48 0.095551
24 49 0.063600
24 50 0.031768
25 1 0.759521
25 2 0.767986
25 3 0.778056
25 4 0.789847
25 5 0.803185
25 6 0.818149
25 7 0.834523
25 8 0.852326
25 9 0.871268
25 10 0.891271
25 11 0.911931
25 12 0.933017
25 13 0.953955
25 14 0.974310
25 15 0.993293
25 16 1.010244
25 17 1.024187
25 18 1.034336
25 19 1.039714
25 20 1.039696
25 21 1.033671
25 22 1.021549
25 23 1.003377
25 24 0.979709
25 25 0.951139
25 26 0.918577
25 27 0.882785
25 28 0.844664
25 29 0.804857
25 30 0.764067
25 31 0.722722
25 32 0.681297
25 33 0.640025
25 34 0.599200
25 35 0.558910
25 36 0.519323
25 37 0.480438
25 38 0.442340
25 39 0.404977
25 40 0.368379
25 41 0.332469
25 42 0.297244
25 43 0.262613
25 44 0.228552
25 45 0.194968
25 46 0.161822
25 47 0.129022
25 48 0.096518
25 49 0.064223
25 50 0.032076
26 1 0.763829
26 2 0.772770
26 3 0.783678
26 4 0.796412
26 5 0.811087
26 6 0.827533
26 7 0.845823
26 8 0.865737
26 9 0.887269
26 10 0.910104
26 11 0.934102
26 12 0.958785
26 13 0.983798
26 14 1.008409
26 15 1.031962
26 16 1.053410
26 17 1.071778
26 18 1.085780
26 19 1.094344
26 20 1.096332
26 21 1.091119
26 22 1.078332
26 23 1.058295
26 24 1.031590
26 25 0.999294
26 26 0.962448
26 27 0.922268
26 28 0.879703
26 29 0.835720
26 30 0.790960
26 31 0.746059
26 32 0.701367
26 33 0.657255
26 34 0.613864
26 35 0.571389
26 36 0.529846
26 37 0.489321
26 38 0.449761
26 39 0.411188
26 40 0.373514
26 41 0.336724
26 42 0.300715
26 43 0.265450
26 44 0.230823
26 45 0.196783
26 46 0.163225
26 47 0.130088
26 48 0.097274
26 49 0.064714
26 50 0.032315
27 1 0.766305
27 2 0.775853
27 3 0.787472
27 4 0.801301
27 5 0.817216
27 6 0.835333
27 7 0.855500
27 8 0.877784
27 9 0.901968
27 10 0.928020
27 11 0.955590
27 12 0.984461
27 13 1.014042
27 14 1.043794
27 15 1.072739
27 16 1.099874
27 17 1.123736
27 18 1.142873
27 19 1.155549
27 20 1.160367
27 21 1.156143
27 22 1.142555
27 23 1.119880
27 24 1.089240
27 25 1.051999
27 26 1.009822
27 27 0.964134
27 28 0.916320
27 29 0.867359
27 30 0.818141
27 31 0.769190
27 32 0.720993
27 33 0.673764
27 34 0.627735
27 35 0.582937
27 36 0.539461
27 37 0.497241
27 38 0.456291
27 39 0.416502
27 40 0.377847
27 41 0.340199
27 42 0.303510
27 43 0.267651
27 44 0.232561
27 45 0.198116
27 46 0.164245
27 47 0.130832
27 48 0.097801
27 49 0.065044
27 50 0.032476
28 1 0.766852
28 2 0.776864
28 3 0.789311
28 4 0.804104
28 5 0.821394
28 6 0.841084
28 7 0.863305
28 8 0.887931
28 9 0.915038
28 10 0.944416
28 11 0.976011
28 12 1.009428
28 13 1.044341
28 14 1.079987
28 15 1.115539
28 16 1.149610
28 17 1.180624
28 18 1.206425
28 19 1.224809
28 20 1.233443
28 21 1.230713
28 22 1.215867
28 23 1.189602
28 24 1.153492
28 25 1.109803
28 26 1.060708
28 27 1.008284
28 28 0.954082
28 29 0.899403
28 30 0.845054
28 31 0.791700
28 32 0.739653
28 33 0.689197
28 34 0.640376
28 35 0.593278
28 36 0.547820
28 37 0.503992
28 38 0.461660
28 39 0.420771
28 40 0.381172
28 41 0.342790
28 42 0.305475
28 43 0.269144
28 44 0.233654
28 45 0.198919
28 46 0.164806
28 47 0.131225
28 48 0.098054
28 49 0.065199
28 50 0.032547
29 1 0.765116
29 2 0.775684
29 3 0.788806
29 4 0.804654
29 5 0.823173
29 6 0.844541
29 7 0.868705
29 8 0.895831
29 9 0.925837
29 10 0.958824
29 11 0.994609
29 12 1.033119
29 13 1.073905
29 14 1.116484
29 15 1.159821
29 16 1.202604
29 17 1.242723
29 18 1.277582
29 19 1.303817
29 20 1.318061
29 21 1.317401
29 22 1.300763
29 23 1.269172
29 24 1.225481
29 25 1.173016
29 26 1.115072
29 27 1.054212
29 28 0.992464
29 29 0.931115
29 30 0.871108
29 31 0.812904
29 32 0.756847
29 33 0.702993
29 34 0.651409
29 35 0.601978
29 36 0.554650
29 37 0.509247
29 38 0.465678
29 39 0.423749
29 40 0.383357
29 41 0.344316
29 42 0.306519
29 43 0.269796
29 44 0.234042
29 45 0.199102
29 46 0.164871
29 47 0.131209
29 48 0.098012
29 49 0.065151
29 50 0.032520
30 1 0.760992
30 2 0.771950
30 3 0.785808
30 4 0.802533
30 5 0.822333
30 6 0.845203
30 7 0.871371
30 8 0.900852
30 9 0.933874
30 10 0.970434
30 11 1.010695
30 12 1.054533
30 13 1.101879
30 14 1.152222
30 15 1.204850
30 16 1.258261
30 17 1.310265
30 18 1.357363
30 19 1.394990
30 20 1.417582
30 21 1.420228
30 22 1.400613
30 23 1.360995
30 24 1.306243
30 25 1.241853
30 26 1.172352
30 27 1.101165
30 28 1.030448
30 29 0.961617
30 30 0.895358
30 31 0.832083
30 32 0.771837
30 33 0.714634
30 34 0.660288
30 35 0.608677
30 36 0.559554
30 37 0.512762
30 38 0.468053
30 39 0.425272
30 40 0.384190
30 41 0.344664
30 42 0.306489
30 43 0.269534
30 44 0.233617
30 45 0.198615
30 46 0.164367
30 47 0.130755
30 48 0.097633
30 49 0.064887
30 50 0.032381
31 1 0.754145
31 2 0.765541
31 3 0.779942
31 4 0.797562
31 5 0.818423
31 6 0.842785
31 7 0.870723
31 8 0.902545
31 9 0.938374
31 10 0.978548
31 11 1.023204
31 12 1.072636
31 13 1.126856
31 14 1.185863
31 15 1.249097
31 16 1.315502
31 17 1.382715
31 18 1.446779
31 19 1.501196
31 20 1.537204
31 21 1.545317
31 22 1.520609
31 23 1.467954
31 24 1.396779
31 25 1.315802
31 26 1.231452
31 27 1.147648
31 28 1.066671
31 29 0.989547
31 30 0.916743
31 31 0.848232
31 32 0.783897
31 33 0.723416
31 34 0.666535
31 35 0.612889
31 36 0.562220
31 37 0.514194
31 38 0.468582
31 39 0.425095
31 40 0.383537
31 41 0.343661
31 42 0.305298
31 43 0.268234
31 44 0.232322
31 45 0.197376
31 46 0.163260
31 47 0.129811
31 48 0.096901
31 49 0.064381
31 50 0.032126
32 1 0.744483
32 2 0.756126
32 3 0.771072
32 4 0.789349
32 5 0.811222
32 6 0.836791
32 7 0.866397
32 8 0.900231
32 9 0.938727
32 10 0.982181
32 11 1.031127
32 12 1.085952
32 13 1.147228
32 14 1.215276
32 15 1.290345
32 16 1.371935
32 17 1.458471
32 18 1.545841
32 19 1.625957
32 20 1.684721
32 21 1.703361
32 22 1.668552
32 23 1.593562
32 24 1.497118
32 25 1.393249
32 26 1.290006
32 27 1.191424
32 28 1.099041
32 29 1.013272
32 30 0.933836
32 31 0.860313
32 32 0.792101
32 33 0.728700
32 34 0.669546
32 35 0.614216
32 36 0.562244
32 37 0.513293
32 38 0.466987
32 39 0.423060
32 40 0.381204
32 41 0.341205
32 42 0.302807
32 43 0.265832
32 44 0.230062
32 45 0.195343
32 46 0.161487
32 47 0.128353
32 48 0.095777
32 49 0.063623
32 50 0.031742
33 1 0.731719
33 2 0.743612
33 3 0.758871
33 4 0.777743
33 5 0.800325
33 6 0.826957
33 7 0.857844
33 8 0.893447
33 9 0.934123
33 10 0.980508
33 11 1.033171
33 12 1.092993
33 13 1.160827
33 14 1.237834
33 15 1.325072
33 16 1.423574
33 17 1.533391
33 18 1.652298
33 19 1.772070
33 20 1.872489
33 21 1.914854
33 22 1.856793
33 23 1.740626
33 24 1.604995
33 25 1.470071
33 26 1.344011
33 27 1.228999
33 28 1.124907
33 29 1.030665
33 30 0.945121
33 31 0.867084
33 32 0.795593
33 33 0.729737
33 34 0.668825
33 35 0.612186
33 36 0.559327
33 37 0.509748
33 38 0.463086
33 39 0.418954
33 40 0.377077
33 41 0.337148
33 42 0.298947
33 43 0.262223
33 44 0.226793
33 45 0.192446
33 46 0.159022
33 47 0.126338
33 48 0.094249
33 49 0.062591
33 50 0.031225
34 1 0.715799
34 2 0.727733
34 3 0.743250
34 4 0.762426
34 5 0.785569
34 6 0.812868
34 7 0.844759
34 8 0.881590
34 9 0.923990
34 10 0.972555
34 11 1.028228
34 12 1.092020
34 13 1.165416
34 14 1.250160
34 15 1.348682
34 16 1.463899
34 17 1.599356
34 18 1.757891
34 19 1.937652
34 20 2.118309
34 21 2.226878
34 22 2.103139
34 23 1.907255
34 24 1.712164
34 25 1.538132
34 26 1.386967
34 27 1.255759
34 28 1.140923
34 29 1.039458
34 30 0.948898
34 31 0.867402
34 32 0.793451
34 33 0.725919
34 34 0.663829
34 35 0.606457
34 36 0.553132
34 37 0.503360
34 38 0.456653
34 39 0.412658
34 40 0.371003
34 41 0.331418
34 42 0.293610
34 43 0.257365
34 44 0.222441
34 45 0.188659
34 46 0.155816
34 47 0.123751
34 48 0.092289
34 49 0.061280
34 50 0.030566
35 1 0.696512
35 2 0.708455
35 3 0.723971
35 4 0.743322
35 5 0.766658
35 6 0.794363
35 7 0.826734
35 8 0.864334
35 9 0.907691
35 10 0.957659
35 11 1.015164
35 12 1.081598
35 13 1.158656
35 14 1.248851
35 15 1.355598
35 16 1.484113
35 17 1.642243
35 18 1.842369
35 19 2.102338
35 20 2.436310
35 21 2.771212
35 22 2.421713
35 23 2.073093
35 24 1.798365
35 25 1.583326
35 26 1.410061
35 27 1.266146
35 28 1.143660
35 29 1.037346
35 30 0.943702
35 31 0.860176
35 32 0.784973
35 33 0.716660
35 34 0.654196
35 35 0.596682
35 36 0.543456
35 37 0.493905
35 38 0.447575
35 39 0.404021
35 40 0.362913
35 41 0.323910
35 42 0.286758
35 43 0.251185
35 44 0.216985
35 45 0.183934
35 46 0.151858
35 47 0.120563
35 48 0.089891
35 49 0.059675
35 50 0.029763
36 1 0.673868
36 2 0.685605
36 3 0.701027
36 4 0.720234
36 5 0.743546
36 6 0.771192
36 7 0.803644
36 8 0.841322
36 9 0.884937
36 10 0.935227
36 11 0.993322
36 12 1.060552
36 13 1.138899
36 14 1.230992
36 15 1.340870
36 16 1.474714
36 17 1.643243
36 18 1.867004
36 19 2.193108
36 20 2.753380
36 21 4.000000
36 22 2.739407
36 23 2.165109
36 24 1.824878
36 25 1.586828
36 26 1.403803
36 27 1.255189
36 28 1.130224
36 29 1.022650
36 30 0.928386
36 31 0.844711
36 32 0.769605
36 33 0.701630
36 34 0.639612
36 35 0.582690
36 36 0.530105
36 37 0.481292
36 38 0.435721
36 39 0.392995
36 40 0.352720
36 41 0.314599
36 42 0.278326
36 43 0.243669
36 44 0.210380
36 45 0.178265
36 46 0.147118
36 47 0.116769
36 48 0.087040
36 49 0.057774
36 50 0.028811
37 1 0.647749
37 2 0.659232
37 3 0.674299
37 4 0.693201
37 5 0.716099
37 6 0.743371
37 7 0.775326
37 8 0.812524
37 9 0.855509
37 10 0.905134
37 11 0.962342
37 12 1.028524
37 13 1.105396
37 14 1.195469
37 15 1.302177
37 16 1.430738
37 17 1.589013
37 18 1.789383
37 19 2.049710
37 20 2.384150
37 21 2.719642
37 22 2.370850
37 23 2.023060
37 24 1.749278
37 25 1.535304
37 26 1.363213
37 27 1.220582
37 28 1.099477
37 29 0.994642
37 30 0.902559
37 31 0.820676
37 32 0.747181
37 33 0.680641
37 34 0.620001
37 35 0.564361
37 36 0.513045
37 37 0.465439
37 38 0.421079
37 39 0.379519
37 40 0.340420
37 41 0.303440
37 42 0.268320
37 43 0.234787
37 44 0.202631
37 45 0.171629
37 46 0.141602
37 47 0.112358
37 48 0.083738
37 49 0.055572
37 50 0.027712
38 1 0.618248
38 2 0.629275
38 3 0.643884
38 4 0.662172
38 5 0.684427
38 6 0.710865
38 7 0.741909
38 8 0.777939
38 9 0.819578
38 10 0.867458
38 11 0.922517
38 12 0.985807
38 13 1.058811
38 14 1.143312
38 15 1.241739
38 16 1.357047
38 17 1.492778
38 18 1.651804
38 19 1.832268
38 20 2.013868
38 21 2.123608
38 22 2.001288
38 23 1.807059
38 24 1.613870
38 25 1.441965
38 26 1.293161
38 27 1.164520
38 28 1.052461
38 29 0.953954
38 30 0.866531
38 31 0.788322
38 32 0.717802
38 33 0.653819
38 34 0.595391
38 35 0.541768
38 36 0.492274
38 37 0.446394
38 38 0.403637
38 39 0.363630
38 40 0.326000
38 41 0.290463
38 42 0.256726
38 43 0.224561
38 44 0.193730
38 45 0.164044
38 46 0.135302
38 47 0.107339
38 48 0.079981
38 49 0.053074
38 50 0.026463
39 1 0.585350
39 2 0.595875
39 3 0.609792
39 4 0.627313
39 5 0.648573
39 6 0.673887
39 7 0.703505
39 8 0.737875
39 9 0.777406
39 10 0.822726
39 11 0.874462
39 12 0.933491
39 13 1.000729
39 14 1.077333
39 15 1.164420
39 16 1.263024
39 17 1.373249
39 18 1.492864
39 19 1.613691
39 20 1.715502
39 21 1.759632
39 22 1.703688
39 23 1.590019
39 24 1.457235
39 25 1.325526
39 26 1.203009
39 27 1.091877
39 28 0.991958
39 29 0.902183
39 30 0.821355
39 31 0.748278
39 32 0.681947
39 33 0.621444
39 34 0.566035
39 35 0.515046
39 36 0.467945
39 37 0.424225
39 38 0.383495
39 39 0.345364
39 40 0.309530
39 41 0.275687
39 42 0.243594
39 43 0.213001
39 44 0.183711
39 45 0.155515
39 46 0.128244
39 47 0.101717
39 48 0.075783
39 49 0.050282
39 50 0.025070
40 1 0.549230
40 2 0.559083
40 3 0.572223
40 4 0.588716
40 5 0.608792
40 6 0.632604
40 7 0.660472
40 8 0.692650
40 9 0.729562
40 10 0.771577
40 11 0.819223
40 12 0.872967
40 13 0.933383
40 14 1.000869
40 15 1.075677
40 16 1.157382
40 17 1.244408
40 18 1.332712
40 19 1.414195
40 20 1.474816
40 21 1.495784
40 22 1.463815
40 23 1.392145
40 24 1.299528
40 25 1.199950
40 26 1.101473
40 27 1.008081
40 28 0.921312
40 29 0.841524
40 30 0.768428
40 31 0.701546
40 32 0.640265
40 33 0.584028
40 34 0.532261
40 35 0.484487
40 36 0.440232
40 37 0.399115
40 38 0.360753
40 39 0.324841
40 40 0.291070
40 41 0.259195
40 42 0.228961
40 43 0.200167
40 44 0.172598
40 45 0.146084
40 46 0.120440
40 47 0.095517
40 48 0.071153
40 49 0.047207
40 50 0.023535
41 1 0.509971
41 2 0.519125
41 3 0.531300
41 4 0.546654
41 5 0.565273
41 6 0.587379
41 7 0.613127
41 8 0.642801
41 9 0.676615
41 10 0.714899
41 11 0.757885
41 12 0.805870
41 13 0.858965
41 14 0.917173
41 15 0.980035
41 16 1.046496
41 17 1.114288
41 18 1.179448
41 19 1.235559
41 20 1.273842
41 21 1.284872
41 22 1.263693
41 23 1.215221
41 24 1.148834
41 25 1.073274
41 26 0.994907
41 27 0.917660
41 28 0.843741
41 29 0.774171
41 30 0.709342
41 31 0.649212
41 32 0.593591
41 33 0.542143
41 34 0.494541
41 35 0.450410
41 36 0.409428
41 37 0.371251
41 38 0.335600
41 39 0.302178
41 40 0.270749
41 41 0.241063
41 42 0.212919
41 43 0.186107
41 44 0.160455
41 45 0.135780
41 46 0.111934
41 47 0.088758
41 48 0.066113
41 49 0.043859
41 50 0.021866
42 1 0.467817
42 2 0.476146
42 3 0.487305
42 4 0.501328
42 5 0.518371
42 6 0.538514
42 7 0.561956
42 8 0.588813
42 9 0.619296
42 10 0.653519
42 11 0.691641
42 12 0.733662
42 13 0.779517
42 14 0.828822
42 15 0.880871
42 16 0.934281
42 17 0.986866
42 18 1.035234
42 19 1.074810
42 20 1.100119
42 21 1.106221
42 22 1.090864
42 23 1.056260
42 24 1.007313
42 25 0.949453
42 26 0.887222
42 27 0.823960
42 28 0.761821
42 29 0.702129
42 30 0.645555
42 31 0.592418
42 32 0.542744
42 33 0.496456
42 34 0.453351
42 35 0.413226
42 36 0.375817
42 37 0.340900
42 38 0.308217
42 39 0.277556
42 40 0.248685
42 41 0.221416
42 42 0.195546
42 43 0.170911
42 44 0.147333
42 45 0.124667
42 46 0.102759
42 47 0.081478
42 48 0.060684
42 49 0.040257
42 50 0.020068
43 1 0.422937
43 2 0.430433
43 3 0.440446
43 4 0.453078
43 5 0.468367
43 6 0.486444
43 7 0.507370
43 8 0.531286
43 9 0.558238
43 10 0.588323
43 11 0.621498
43 12 0.657697
43 13 0.696621
43 14 0.737799
43 15 0.780344
43 16 0.822956
43 17 0.863663
43 18 0.899869
43 19 0.928329
43 20 0.945656
43 21 0.949029
43 22 0.937330
43 23 0.911642
43 24 0.874749
43 25 0.830005
43 26 0.780613
43 27 0.729136
43 28 0.677498
43 29 0.626968
43 30 0.578376
43 31 0.532161
43 32 0.488554
43 33 0.447586
43 34 0.409222
43 35 0.373324
43 36 0.339752
43 37 0.308315
43 38 0.278845
43 39 0.251144
43 40 0.225048
43 41 0.200371
43 42 0.176963
43 43 0.154657
43 44 0.133317
43 45 0.112797
43 46 0.092971
43 47 0.073710
43 48 0.054898
43 49 0.036415
43 50 0.018153
44 1 0.375623
44 2 0.382203
44 3 0.391052
44 4 0.402173
44 5 0.415657
44 6 0.431526
44 7 0.449876
44 8 0.470722
44 9 0.494125
44 10 0.520036
44 11 0.548405
44 12 0.579009
44 13 0.611538
44 14 0.645409
44 15 0.679813
44 16 0.713536
44 17 0.745015
44 18 0.772249
44 19 0.793029
44 20 0.805146
44 21 0.806953
44 22 0.797784
44 23 0.778273
44 24 0.750036
44 25 0.715247
44 26 0.676087
44 27 0.634515
44 28 0.592066
44 29 0.549909
44 30 0.508821
44 31 0.469333
44 32 0.431724
44 33 0.396150
44 34 0.362627
44 35 0.331129
44 36 0.301553
44 37 0.273794
44 38 0.247704
44 39 0.223155
44 40 0.199991
44 41 0.178081
44 42 0.157277
44 43 0.137456
44 44 0.118483
44 45 0.100245
44 46 0.082620
44 47 0.065502
44 48 0.048781
44 49 0.032358
44 50 0.016130
45 1 0.326105
45 2 0.331781
45 3 0.339386
45 4 0.348980
45 5 0.360562
45 6 0.374198
45 7 0.389886
45 8 0.407670
45 9 0.427504
45 10 0.449359
45 11 0.473075
45 12 0.498456
45 13 0.525114
45 14 0.552540
45 15 0.579963
45 16 0.606411
45 17 0.630612
45 18 0.651129
45 19 0.666392
45 20 0.674987
45 21 0.675854
45 22 0.668619
45 23 0.653628
45 24 0.631912
45 25 0.604860
45 26 0.574009
45 27 0.540770
45 28 0.506378
45 29 0.471779
45 30 0.437701
45 31 0.404627
45 32 0.372890
45 33 0.342662
45 34 0.314037
45 35 0.287013
45 36 0.261564
45 37 0.237603
45 38 0.215048
45 39 0.193781
45 40 0.173701
45 41 0.154684
45 42 0.136626
45 43 0.119407
45 44 0.102928
45 45 0.087081
45 46 0.071771
45 47 0.056897
45 48 0.042374
45 49 0.028106
45 50 0.014011
46 1 0.274705
46 2 0.279428
46 3 0.285797
46 4 0.293798
46 5 0.303475
46 6 0.314819
46 7 0.327861
46 8 0.342566
46 9 0.358921
46 10 0.376818
46 11 0.396137
46 12 0.416626
46 13 0.437970
46 14 0.459676
46 15 0.481136
46 16 0.501533
46 17 0.519935
46 18 0.535264
46 19 0.546462
46 20 0.552557
46 21 0.552894
46 22 0.547208
46 23 0.535741
46 24 0.519125
46 25 0.498304
46 26 0.474317
46 27 0.448211
46 28 0.420897
46 29 0.393157
46 30 0.365578
46 31 0.338611
46 32 0.312550
46 33 0.287597
46 34 0.263846
46 35 0.241349
46 36 0.220086
46 37 0.200029
46 38 0.181103
46 39 0.163241
46 40 0.146349
46 41 0.130346
46 42 0.115135
46 43 0.100632
46 44 0.086743
46 45 0.073390
46 46 0.060484
46 47 0.047951
46 48 0.035709
46 49 0.023686
46 50 0.011807
47 1 0.221695
47 2 0.225485
47 3 0.230574
47 4 0.236992
47 5 0.244723
47 6 0.253792
47 7 0.264173
47 8 0.275863
47 9 0.288796
47 10 0.302903
47 11 0.318028
47 12 0.333985
47 13 0.350466
47 14 0.367099
47 15 0.383370
47 16 0.398686
47 17 0.412331
47 18 0.423565
47 19 0.431634
47 20 0.435914
47 21 0.435956
47 22 0.431608
47 23 0.423002
47 24 0.410569
47 25 0.394915
47 26 0.376770
47 27 0.356858
47 28 0.335868
47 29 0.314376
47 30 0.292865
47 31 0.271691
47 32 0.251123
47 33 0.231329
47 34 0.212424
47 35 0.194449
47 36 0.177425
47 37 0.161323
47 38 0.146112
47 39 0.131730
47 40 0.118123
47 41 0.105217
47 42 0.092948
47 43 0.081242
47 44 0.070033
47 45 0.059251
47 46 0.048833
47 47 0.038713
47 48 0.028830
47 49 0.019123
47 50 0.009532
48 1 0.167408
48 2 0.170241
48 3 0.174067
48 4 0.178872
48 5 0.184674
48 6 0.191453
48 7 0.199215
48 8 0.207919
48 9 0.217534
48 10 0.227969
48 11 0.239124
48 12 0.250820
48 13 0.262842
48 14 0.274885
48 15 0.286591
48 16 0.297511
48 17 0.307166
48 18 0.315030
48 19 0.320620
48 20 0.323511
48 21 0.323431
48 22 0.320265
48 23 0.314114
48 24 0.305235
48 25 0.294038
48 26 0.280992
48 27 0.266604
48 28 0.251341
48 29 0.235631
48 30 0.219817
48 31 0.204182
48 32 0.188923
48 33 0.174191
48 34 0.160070
48 35 0.146616
48 36 0.133840
48 37 0.121741
48 38 0.110291
48 39 0.099459
48 40 0.089197
48 41 0.079462
48 42 0.070200
48 43 0.061363
48 44 0.052897
48 45 0.044755
48 46 0.036885
48 47 0.029242
48 48 0.021776
48 49 0.014444
48 50 0.007200
49 1 0.112143
49 2 0.114036
49 3 0.116581
49 4 0.119789
49 5 0.123647
49 6 0.128163
49 7 0.133315
49 8 0.139093
49 9 0.145451
49 10 0.152344
49 11 0.159680
49 12 0.167353
49 13 0.175200
49 14 0.183031
49 15 0.190597
49 16 0.197624
49 17 0.203792
49 18 0.208789
49 19 0.212306
49 20 0.214098
49 21 0.213990
49 22 0.211927
49 23 0.207954
49 24 0.202236
49 25 0.195009
49 26 0.186570
49 27 0.177224
49 28 0.167276
49 29 0.156992
49 30 0.146605
49 31 0.136296
49 32 0.126210
49 33 0.116442
49 34 0.107062
49 35 0.098105
49 36 0.089590
49 37 0.081512
49 38 0.073863
49 39 0.066618
49 40 0.059753
49 41 0.053235
49 42 0.047034
49 43 0.041113
49 44 0.035443
49 45 0.029987
49 46 0.024715
49 47 0.019593
49 48 0.014591
49 49 0.009678
49 50 0.004824
50 1 0.056236
50 2 0.057179
50 3 0.058453
50 4 0.060054
50 5 0.061985
50 6 0.064237
50 7 0.066810
50 8 0.069687
50 9 0.072854
50 10 0.076276
50 11 0.079917
50 12 0.083713
50 13 0.087589
50 14 0.091443
50 15 0.095159
50 16 0.098595
50 17 0.101604
50 18 0.104029
50 19 0.105730
50 20 0.106585
50 21 0.106518
50 22 0.105497
50 23 0.103549
50 24 0.100745
50 25 0.097203
50 26 0.093056
50 27 0.088457
50 28 0.083548
50 29 0.078464
50 30 0.073315
50 31 0.068198
50 32 0.063179
50 33 0.058314
50 34 0.053633
50 35 0.049160
50 36 0.044902
50 37 0.040861
50 38 0.037031
50 39 0.033403
50 40 0.029962
50 41 0.026696
50 42 0.023586
50 43 0.020619
50 44 0.017775
50 45 0.015039
50 46 0.012395
50 47 0.009826
50 48 0.007318
50 49 0.004854
50 50 0.002419
